"","cyl","sub","bus","X","ID","sub_r","sub_a","bus_r","bus_a","borrow","return"
"3",1486,5139488,112152,3,101,2561425,2578063,41451,70701,688,798
"4",6445,5139488,497778,4,102,2561425,2578063,232943,264835,3291,3154
"5",3952,5139488,531765,5,103,2561425,2578063,236949,294816,1982,1970
"6",4332,6002994,1042032,6,104,2961336,3041658,539898,502134,2376,1956
"7",2048,6002994,1012915,7,105,2961336,3041658,519563,493352,1107,941
"8",8613,6002994,941186,8,106,2961336,3041658,490695,450491,4211,4402
"9",5487,12303321,1711766,9,107,5769640,6533681,940384,771382,2923,2564
"10",3918,13166827,822933,10,108,6169551,6997276,421694,401239,2255,1663
"11",3889,4932550,243291,11,109,2489457,2443093,103759,139532,1763,2126
"12",1534,307635,639318,12,110,118283,189352,311562,327756,939,595
"13",3417,4932550,177686,13,111,2489457,2443093,84491,93195,1589,1828
"14",3040,12096383,296132,14,112,5697672,6398711,134417,161715,1499,1541
"15",17246,7163833,2097229,15,113,3208215,3955618,1068332,1028897,9946,7300
"16",6805,7163833,2238366,16,114,3208215,3955618,1119164,1119202,3363,3442
"17",3049,10590312,2122256,17,115,4806572,5783740,1029868,1092388,1591,1458
"18",3370,7163833,1087018,18,116,3208215,3955618,495720,591298,1456,1914
"19",4232,1182171,1353873,19,117,414618,767553,728032,625841,2165,2067
"20",3402,4430093,445268,20,118,2082318,2347775,145804,299464,1642,1760
"21",3174,1003614,346400,21,119,483961,519653,121164,225236,1469,1705
"22",1270,140108,409049,22,120,84050,56058,145815,263234,559,711
"23",1444,4430093,581127,23,121,2082318,2347775,230132,350995,714,730
"24",1850,3566587,485768,24,122,1682407,1884180,236384,249384,899,951
"25",2721,1182171,571204,25,123,414618,767553,233611,337593,1211,1510
"26",2737,3566587,1286481,26,124,1682407,1884180,685950,600531,1477,1260
"27",2259,3566587,478610,27,125,1682407,1884180,236832,241778,1291,968
"28",3623,8502815,430817,28,126,4716847,3785968,222614,208203,1846,1777
"29",818,4815173,2228501,29,127,2382412,2432761,1160345,1068156,476,342
"30",4871,11979006,2390601,30,128,5590627,6388379,1256974,1133627,2405,2466
"31",2895,4815173,2130888,31,129,2382412,2432761,1131900,998988,1293,1602
"32",4533,11979006,2145098,32,130,5590627,6388379,1131571,1013527,2214,2319
"33",3831,0,470861,33,131,0,0,221462,249399,1646,2185
"35",3332,2619380,489117,35,133,1801725,817655,234287,254830,1305,2027
"36",2023,4815173,2927257,36,134,2382412,2432761,1568954,1358303,923,1100
"37",1579,4815173,1760286,37,135,2382412,2432761,947598,812688,741,838
"38",430,4815173,1396024,38,136,2382412,2432761,699802,696222,322,108
"39",845,4815173,1033355,39,137,2382412,2432761,481368,551987,512,333
"40",1441,10730420,2309782,40,138,4890622,5839798,1251151,1058631,720,721
"41",988,10730420,1788651,41,139,4890622,5839798,955314,833337,686,302
"42",1610,4675065,1595070,42,140,2298362,2376703,884653,710417,951,659
"43",1488,10590312,1271128,43,141,4806572,5783740,624727,646401,1032,456
"44",1474,2503400,844531,44,142,1288203,1215197,391751,452780,704,770
"45",3033,5034473,1395572,45,143,3096111,1938362,690474,705098,1611,1422
"46",7525,5034473,1324941,46,144,3096111,1938362,655202,669739,3882,3643
"47",2985,5034473,1377428,47,145,3096111,1938362,675125,702303,1527,1458
"48",6006,5034473,672632,48,146,3096111,1938362,318087,354545,3028,2978
"49",6235,5034473,669891,49,147,3096111,1938362,313977,355914,3091,3144
"50",3692,5034473,714053,50,148,3096111,1938362,330874,383179,1500,2192
"51",2795,10730420,1924367,51,150,4890622,5839798,1027845,896522,1260,1535
"52",3893,2030641,520843,52,151,955094,1075547,237546,283297,1756,2137
"53",10980,960197,197744,53,152,483215,476982,86307,111437,4559,6421
"54",3575,2338276,372411,54,153,1073377,1264899,183158,189253,2039,1536
"55",4804,2030641,442350,55,154,955094,1075547,192785,249565,2178,2626
"56",2542,307635,836806,56,155,118283,189352,394687,442119,1057,1485
"57",2106,4942456,532920,57,156,2922633,2019823,257278,275642,1137,969
"58",2926,1254814,636300,58,157,588198,666616,301120,335180,1316,1610
"59",1267,2230969,907498,59,158,1618404,612565,453026,454472,470,797
"60",870,5929879,820649,60,159,2886560,3043319,373918,446731,518,352
"61",1589,1254814,1083663,61,160,588198,666616,536126,547537,914,675
"62",888,1443939,349848,62,161,501668,942271,124514,225334,383,505
"63",1715,1248586,422163,63,162,700005,548581,280355,141808,1295,420
"64",656,0,541405,64,163,0,0,305809,235596,334,322
"65",1027,2927015,542220,65,164,1920008,1007007,207408,334812,589,438
"66",2172,307635,430940,66,165,118283,189352,168160,262780,843,1329
"67",3480,307635,320699,67,166,118283,189352,107670,213029,1189,2291
"68",512,0,405753,68,167,0,0,157719,248034,331,181
"69",1241,2927015,352476,69,169,1920008,1007007,124321,228155,775,466
"70",2462,307635,481764,70,170,118283,189352,182037,299727,937,1525
"71",1447,6710472,1374690,71,171,5628229,1082243,940146,434544,929,518
"73",1847,6710472,1533448,73,173,5628229,1082243,1017530,515918,1131,716
"75",3729,0,429812,75,175,0,0,209458,220354,1727,2002
"76",2955,0,829106,76,176,0,0,416291,412815,1318,1637
"77",1144,2619380,466025,77,177,1801725,817655,179949,286076,423,721
"78",1586,2831849,402236,78,178,1976985,854864,178562,223674,652,934
"79",2660,307635,835965,79,179,118283,189352,385751,450214,1403,1257
"80",2208,3016364,695707,80,180,1978010,1038354,374146,321561,1197,1011
"81",682,5139488,146807,81,181,2561425,2578063,53957,92850,351,331
"82",4273,5139488,169233,82,182,2561425,2578063,64160,105073,1983,2290
"83",5100,307635,426907,83,183,118283,189352,209061,217846,2382,2718
"84",3589,2030641,430327,84,184,955094,1075547,207971,222356,1611,1978
"85",2314,0,134363,85,185,0,0,60062,74301,950,1364
"86",4219,960197,398103,86,186,483215,476982,194828,203275,2113,2106
"87",1653,1182171,413326,87,188,414618,767553,188946,224380,844,809
"88",1371,2619380,526612,88,191,1801725,817655,217016,309596,477,894
"89",1225,307635,191971,89,192,118283,189352,67002,124969,464,761
"90",2992,2831849,1089203,90,194,1976985,854864,478632,610571,1630,1362
"91",1096,307635,622928,91,195,118283,189352,308803,314125,562,534
"92",618,7471468,969892,92,196,3326498,4144970,443698,526194,372,246
"93",1890,2425291,1424472,93,198,1670880,754411,912909,511563,1081,809
"94",1936,960197,268569,94,199,483215,476982,156374,112195,1063,873
"95",2936,1636642,363847,95,200,1425110,211532,307917,55930,2699,237
"96",3474,1636642,720189,96,201,1425110,211532,580810,139379,2235,1239
"97",9264,7505520,935387,97,202,6028301,1477219,683555,251832,6891,2373
"98",3920,6375979,485812,98,203,5314647,1061332,406373,79439,3029,891
"99",4353,6375979,472160,99,204,5314647,1061332,394143,78017,3488,865
"100",5091,6375979,1010733,100,205,5314647,1061332,787592,223141,4068,1023
"101",6100,7400533,536573,101,206,5877625,1522908,429856,106717,5027,1073
"102",24001,5868878,497835,102,207,4603191,1265687,241739,256096,11563,12438
"103",2441,7968668,1392670,103,209,6344436,1624232,832309,560361,1867,574
"104",8583,7505520,1035835,104,210,6028301,1477219,766332,269503,4709,3874
"105",7589,10134978,1547783,105,211,7546582,2588396,998193,549590,3786,3803
"106",5447,9005437,1366366,106,212,6832928,2172509,877241,489125,3734,1713
"107",1742,7863681,204946,107,213,6193760,1669921,145415,59531,1050,692
"108",1857,7863681,1155579,108,214,6193760,1669921,739241,416338,1415,442
"109",2268,1129541,432795,109,215,713654,415887,178623,254172,1071,1197
"110",2670,6332026,809824,110,216,4919326,1412700,434039,375785,1259,1411
"111",3504,6332026,957027,111,217,4919326,1412700,593631,363396,2699,805
"112",1441,6332026,1132396,112,218,4919326,1412700,684711,447685,1121,320
"113",2385,8498336,1066683,113,219,6121472,2376864,640000,426683,1463,922
"114",2889,7368795,985493,114,220,5407818,1960977,579161,406332,2005,884
"115",4038,1129541,454540,115,221,713654,415887,329706,124834,2035,2003
"116",7429,4547989,513515,116,222,2290750,2257239,367453,146062,5079,2350
"117",2927,10429082,781801,117,223,6819455,3609627,530241,251560,1775,1152
"118",3813,7473782,934659,118,224,5558494,1915288,590425,344234,2267,1546
"119",2540,6344241,728238,119,225,4844840,1499401,418176,310062,1490,1050
"120",3095,7368795,833004,120,226,5407818,1960977,507700,325304,2155,940
"121",3505,856662,157738,121,227,487599,369063,95696,62042,1476,2029
"122",5980,3805916,396420,122,228,1864836,1941080,251402,145018,3123,2857
"123",4925,3805916,400342,123,229,1864836,1941080,255783,144559,3557,1368
"124",7402,5692353,662981,124,230,3578506,2113847,400339,262642,3728,3674
"125",1855,4883808,565348,125,231,3107699,1776109,354042,211306,966,889
"126",6791,3085736,381976,126,232,1930510,1155226,230542,151434,3825,2966
"127",684,3085736,171237,127,233,1930510,1155226,97843,73394,489,195
"128",1368,753017,522557,128,234,280283,472734,249330,273227,520,848
"129",1548,753017,438481,129,235,280283,472734,210761,227720,617,931
"130",3388,8720313,362632,130,236,4771955,3948358,193522,169110,1744,1644
"131",3039,1508534,465479,131,237,697666,810868,210895,254584,1747,1292
"132",4478,6286581,381412,132,238,3397524,2889057,218007,163405,2124,2354
"133",2762,6286581,456801,133,239,3397524,2889057,270241,186560,1552,1210
"134",5078,4893058,593948,134,240,3112161,1780897,324341,269607,2535,2543
"135",2439,4635800,631923,135,241,2130601,2505199,262118,369805,905,1534
"136",1336,5058714,549274,136,242,2788070,2270644,256289,292985,500,836
"137",3790,3085736,252687,137,243,1930510,1155226,151656,101031,2225,1565
"138",3051,4000140,559862,138,244,1933359,2066781,286228,273634,1419,1632
"139",3970,6286581,378322,139,245,3397524,2889057,208471,169851,2068,1902
"140",10750,3805916,1078091,140,247,1864836,1941080,607151,470940,5182,5568
"141",5577,2766183,430627,141,248,2138764,627419,320182,110445,2990,2587
"142",4789,1129541,127758,142,249,713654,415887,54045,73713,2244,2545
"143",1119,3034851,760861,143,250,1475830,1559021,324703,436158,501,618
"144",1797,1893095,424870,144,251,836662,1056433,174437,250433,710,1087
"145",2777,2646112,828696,145,252,1116945,1529167,417042,411654,1366,1411
"146",2302,1508534,567840,146,253,697666,810868,266224,301616,1093,1209
"147",1601,753017,418054,147,254,280283,472734,165922,252132,541,1060
"148",2239,4635800,609273,148,255,2130601,2505199,241218,368055,928,1311
"149",1842,8669960,396861,149,256,4355693,4314267,148039,248822,818,1024
"150",4932,7368795,830397,150,257,5407818,1960977,388901,441496,1581,3351
"151",2577,10606596,658196,151,258,7148414,3458182,376383,281813,1035,1542
"152",8383,7368795,1164202,152,259,5407818,1960977,556104,608098,2388,5995
"153",2249,4828237,0,153,260,2887662,1940575,0,0,1580,669
"154",5656,4961653,634896,154,262,3151593,1810060,363880,271016,2941,2715
"155",4549,7311012,248630,155,263,3818029,3492983,130172,118458,2259,2290
"156",2190,4883808,789603,156,264,3107699,1776109,465557,324046,1363,827
"157",1963,4893058,686351,157,265,3112161,1780897,388068,298283,1010,953
"158",1512,8927218,998285,158,266,5337253,3589965,522149,476136,841,671
"159",2824,3805916,992730,159,267,1864836,1941080,594807,397923,1458,1366
"160",2809,3805916,1102491,160,268,1864836,1941080,629217,473274,1382,1427
"161",1117,6332026,1564053,161,270,4919326,1412700,1003153,560900,746,371
"162",1551,7368795,970731,162,271,5407818,1960977,501903,468828,785,766
"163",10451,3805916,1000878,163,272,1864836,1941080,562971,437907,4963,5488
"164",11120,5867259,2023562,164,274,3258877,2608382,1053345,970217,3656,7464
"165",4895,4961653,464678,165,275,3151593,1810060,266875,197803,2021,2874
"166",3911,5867259,622599,166,276,3258877,2608382,360966,261633,1835,2076
"167",2687,8927218,2434713,167,277,5337253,3589965,1285167,1149546,1261,1426
"168",2812,4635800,1015256,168,278,2130601,2505199,544412,470844,1090,1722
"169",3088,4034160,1241354,169,279,2225092,1809068,639904,601450,1285,1803
"170",3334,6092357,251435,170,280,3329001,2763356,138233,113202,1478,1856
"171",1379,0,600936,171,281,0,0,320444,280492,713,666
"172",903,6858350,2140103,172,282,3580452,3277898,1132070,1008033,423,480
"173",4907,4842705,1214007,173,283,2695899,2146806,682169,531838,2058,2849
"174",7314,8927218,2264970,174,284,5337253,3589965,1185239,1079731,3974,3340
"175",936,0,265635,175,285,0,0,137473,128162,536,400
"176",2053,0,520723,176,286,0,0,260520,260203,860,1193
"177",3738,3094986,501020,177,287,1934972,1160014,293756,207264,1746,1992
"178",1253,3085736,414090,178,288,1930510,1155226,244777,169313,729,524
"179",1343,0,276837,179,289,0,0,140670,136167,712,631
"180",1909,6092357,711600,180,290,3329001,2763356,425941,285659,1088,821
"181",4047,10468032,425834,181,291,5532882,4935150,256792,169042,3209,838
"182",957,4034160,412254,182,292,2225092,1809068,154390,257864,341,616
"183",4196,5636782,325603,183,293,3358469,2278313,162801,162802,1865,2331
"184",1950,6710472,1300329,184,300,5628229,1082243,902244,398085,1065,885
"185",2941,0,826659,185,301,0,0,416092,410567,1384,1557
"186",5650,0,1327611,186,302,0,0,763424,564187,2660,2990
"187",3013,15198944,1742745,187,303,12190027,3008917,1177077,565668,1833,1180
"188",2577,15404949,2282512,188,304,12383087,3021862,1486626,795886,1626,951
"189",3259,15404949,2390436,189,305,12383087,3021862,1556033,834403,2396,863
"190",2813,13437394,2058753,190,306,10800215,2637179,1339328,719425,1752,1061
"191",2078,6710472,972660,191,307,5628229,1082243,679988,292672,1329,749
"192",2104,15198944,1882641,192,308,12190027,3008917,1245008,637633,1568,536
"193",2475,15198944,2220384,193,309,12190027,3008917,1395964,824420,1749,726
"194",2039,13437394,2316869,194,310,10800215,2637179,1428084,888785,1438,601
"195",6249,15198944,2444997,195,311,12190027,3008917,1566757,878240,4030,2219
"196",5741,18099839,1838014,196,312,14039722,4060117,1257556,580458,3267,2474
"197",1692,4948922,1964431,197,313,4238417,710505,1068205,896226,826,866
"198",2734,1967555,338166,198,314,1582872,384683,203927,134239,1626,1108
"199",2857,10262231,965996,199,315,7443075,2819156,636397,329599,1583,1274
"200",4259,19844793,2605028,200,316,15345094,4499699,1623373,981655,2373,1886
"201",1395,25957530,2982142,201,318,19708520,6249010,1883806,1098336,857,538
"202",3447,23989975,2674265,202,320,18125648,5864327,1681056,993209,2227,1220
"203",2623,23989975,1734115,203,321,18125648,5864327,1132637,601478,1762,861
"204",1816,26646980,1726671,204,322,20162556,6484424,1118543,608128,1105,711
"205",3723,12483457,2055960,205,324,9751714,2731743,1385401,670559,2111,1612
"206",3067,10262231,755502,206,326,7443075,2819156,475049,280453,1781,1286
"207",3229,18107713,2117955,207,327,13620408,4487305,1216286,901669,1734,1495
"208",3208,19546543,1643106,208,328,14804686,4741857,933166,709940,1643,1565
"209",4300,25104443,2172207,209,329,18691289,6413154,1225569,946638,2160,2140
"210",2229,25957530,3053199,210,330,19708520,6249010,1908334,1144865,1517,712
"211",2604,28085810,1910225,211,331,21346834,6738976,1127383,782842,1728,876
"212",1501,28085810,1432896,212,332,21346834,6738976,901184,531712,901,600
"213",4671,21491848,1279165,213,334,16269161,5222687,692361,586804,2205,2466
"214",3823,21491848,1279165,214,335,16269161,5222687,692361,586804,1878,1945
"215",1838,14842212,486676,215,336,11248214,3593998,250234,236442,1095,743
"216",986,7492651,710699,216,337,4725310,2767341,516525,194174,553,433
"217",3157,11035821,1258743,217,338,8124491,2911330,833635,425108,1957,1200
"218",2542,11035821,1373121,218,339,8124491,2911330,935493,437628,1578,964
"219",2969,3052807,945372,219,340,1763303,1289504,464790,480582,1342,1627
"220",2521,3052807,1296676,220,341,1763303,1289504,641436,655240,1240,1281
"221",5496,4998112,1314672,221,342,3227778,1770334,669320,645352,2748,2748
"222",1218,7212757,849600,222,343,4757696,2455061,527667,321933,678,540
"223",1777,8750873,727241,223,344,6078543,2672330,478453,248788,881,896
"224",2442,10038624,1421085,224,345,7140678,2897946,996653,424432,1616,826
"225",3765,10171336,1286840,225,346,6834603,3336733,726333,560507,2000,1765
"226",3768,11934091,700759,226,347,8200610,3733481,414199,286560,2221,1547
"227",1746,2230969,868410,227,348,1618404,612565,424807,443603,623,1123
"228",1317,469419,937410,228,349,228592,240827,464064,473346,627,690
"229",1432,0,168836,229,351,0,0,112720,56116,651,781
"230",460,1967555,164849,230,352,1582872,384683,111927,52922,312,148
"231",1684,1967555,744944,231,353,1582872,384683,462592,282352,952,732
"232",1627,6407399,437813,232,354,4544879,1862520,248246,189567,815,812
"233",2544,7212757,739256,233,355,4757696,2455061,460252,279004,1574,970
"234",2441,7212757,1119318,234,356,4757696,2455061,625951,493367,1643,798
"235",5786,3052807,1238238,235,358,1763303,1289504,645230,593008,2837,2949
"236",2256,9437956,885292,236,359,6189785,3248171,564931,320361,1460,796
"237",5079,6778795,1057683,237,361,4346909,2431886,626695,430988,2477,2602
"238",2401,4390424,1115984,238,362,2750074,1640350,671123,444861,1154,1247
"239",2606,2969961,1233909,239,363,1994014,975947,742663,491246,1285,1321
"240",1488,5767306,249523,240,364,3801169,1966137,96470,153053,605,883
"241",1720,469419,661777,241,367,228592,240827,308212,353565,532,1188
"242",2570,15404949,2689704,242,368,12383087,3021862,1686716,1002988,1778,792
"243",2696,5822387,847358,243,369,4481068,1341319,560882,286476,2082,614
"244",2774,11344112,1200522,244,370,9291831,2052281,840339,360183,2128,646
"245",1342,6018163,211701,245,371,3816458,2201705,122311,89390,728,614
"246",1225,3879919,384360,246,372,1920243,1959676,198238,186122,572,653
"247",238,3714705,463856,247,373,1838998,1875707,246462,217394,108,130
"248",1862,8065778,250062,248,374,4777441,3288337,118723,131339,980,882
"249",2014,6447598,639970,249,375,3823054,2624544,359675,280295,861,1153
"251",1490,9902576,922783,251,378,6554300,3348276,550970,371813,760,730
"252",2635,0,2032902,252,379,0,0,1109606,923296,1543,1092
"253",1718,13426941,544237,253,380,10070416,3356525,303649,240588,998,720
"254",297,6018163,322944,254,381,3816458,2201705,180222,142722,212,85
"255",1107,3879919,438754,255,382,1920243,1959676,235113,203641,472,635
"256",4738,8793194,523319,256,383,5698066,3095128,306608,216711,2417,2321
"257",1234,6710472,1364985,257,384,5628229,1082243,910933,454052,624,610
"258",4481,23056635,2314723,258,385,17858825,5197810,1384160,930563,2262,2219
"259",1725,3052807,333084,259,386,1763303,1289504,158403,174681,520,1205
"260",1632,9772739,1081130,260,387,7049695,2723044,677907,403223,1116,516
"261",1891,3052807,950017,261,388,1763303,1289504,437591,512426,883,1008
"262",2964,13692826,751615,262,389,10161399,3531427,453130,298485,1695,1269
"263",2876,11085024,310164,263,390,8181328,2903696,172047,138117,1461,1415
"264",1446,15198944,1641942,264,391,12190027,3008917,1154150,487792,1049,397
"265",3237,10171336,1103064,265,393,6834603,3336733,656747,446317,1746,1491
"266",1486,1761550,1665527,266,394,1389812,371738,1073732,591795,724,762
"267",2061,2230969,1178975,267,395,1618404,612565,677382,501593,755,1306
"268",2504,11035821,1167734,268,397,8124491,2911330,756274,411460,1605,899
"269",3873,25082193,1198385,269,398,18572892,6509301,692271,506114,2049,1824
"270",849,1254814,513954,270,399,588198,666616,242902,271052,356,493
"271",1809,0,290828,271,400,0,0,160955,129873,617,1192
"272",1410,0,297053,272,401,0,0,168458,128595,542,868
"273",1594,0,300943,273,402,0,0,159779,141164,694,900
"274",1486,0,528138,274,403,0,0,349230,178908,1192,294
"275",1568,212469,607048,275,405,175260,37209,453056,153992,1332,236
"276",1390,0,345820,276,406,0,0,184197,161623,786,604
"277",1906,0,551010,277,407,0,0,385246,165764,1186,720
"278",2585,212469,565485,278,408,175260,37209,429900,135585,2156,429
"279",6378,212469,969706,279,409,175260,37209,725595,244111,5017,1361
"280",1108,212469,813860,280,410,175260,37209,627075,186785,735,373
"281",2805,2831849,789860,281,411,1976985,854864,568602,221258,2132,673
"282",5567,2831849,794998,282,412,1976985,854864,553827,241171,4663,904
"283",1653,0,195742,283,413,0,0,141911,53831,810,843
"284",2756,2831849,1027734,284,414,1976985,854864,637920,389814,1788,968
"285",8970,2831849,1133470,285,415,1976985,854864,532538,600932,4171,4799
"286",2034,2831849,1110089,286,416,1976985,854864,639128,470961,1407,627
"287",4737,2831849,1115726,287,417,1976985,854864,484487,631239,2363,2374
"288",5234,3579577,524911,288,418,2284940,1294637,239278,285633,2413,2821
"289",6389,3579577,518580,289,419,2284940,1294637,258283,260297,3188,3201
"290",2283,960197,240871,290,420,483215,476982,144764,96107,1366,917
"291",6168,960197,529386,291,421,483215,476982,265844,263542,3017,3151
"292",1103,0,185197,292,422,0,0,106805,78392,704,399
"293",780,2831849,637832,293,424,1976985,854864,225243,412589,470,310
"294",1166,212469,607307,294,425,175260,37209,440467,166840,1032,134
"295",2567,4942456,514658,295,426,2922633,2019823,245506,269152,1539,1028
"296",1893,3579577,400821,296,427,2284940,1294637,170087,230734,778,1115
"297",904,23136888,755182,297,428,17108417,6028471,466267,288915,620,284
"298",208,1982878,258083,298,429,857583,1125295,98466,159617,112,96
"299",1077,7456993,515267,299,430,5000736,2456257,286167,229100,539,538
"300",3658,6605069,628935,300,431,4279992,2325077,397534,231401,1909,1749
"301",1523,2338276,449746,301,432,1073377,1264899,240646,209100,908,615
"302",3728,19550131,2441165,302,433,15163641,4386490,1568253,872912,2084,1644
"303",149,4135625,552057,303,434,1828642,2306983,257201,294856,119,30
"304",848,4948922,1951373,304,435,4238417,710505,1054508,896865,538,310
"305",798,5929879,820649,305,436,2886560,3043319,373918,446731,454,344
"306",2095,3566587,455500,306,437,1682407,1884180,241567,213933,1106,989
"307",3089,1267832,559343,307,438,601498,666334,236507,322836,1546,1543
"308",3310,1346831,169746,308,439,761676,585155,84758,84988,1971,1339
"309",1074,0,5411,309,440,0,0,1779,3632,587,487
"310",818,0,477964,310,446,0,0,282418,195546,453,365
"311",175,0,454647,311,447,0,0,245567,209080,106,69
"312",151,0,162898,312,449,0,0,91202,71696,59,92
"313",1757,0,296796,313,450,0,0,165101,131695,885,872
"314",995,1967555,94295,314,451,1582872,384683,63835,30460,685,310
"315",1480,8896287,1248073,315,452,6452979,2443308,845674,402399,999,481
"316",2769,16547973,1439198,316,453,11928717,4619256,971306,467892,1429,1340
"317",3069,18107713,2500248,317,454,13620408,4487305,1462579,1037669,1640,1429
"318",1290,10015977,1078113,318,455,7195904,2820073,724019,354094,787,503
"319",1146,6778795,1130390,319,456,4346909,2431886,712136,418254,525,621
"320",1514,10015977,1199147,320,457,7195904,2820073,773605,425542,870,644
"321",3715,13437394,2150175,321,458,10800215,2637179,1344169,806006,2291,1424
"322",2134,0,1431004,322,461,0,0,814722,616282,1151,983
"323",241,0,490002,323,462,0,0,257899,232103,170,71
"325",329,1967555,156500,325,464,1582872,384683,112183,44317,180,149
"326",6384,4845212,354892,326,500,1826607,3018605,142058,212834,3104,3280
"327",2438,5480636,1037390,327,501,2061318,3419318,546097,491293,903,1535
"328",22775,635424,159714,328,502,234711,400713,65934,93780,10736,12039
"330",5025,5480636,386611,330,504,2061318,3419318,153146,233465,1926,3099
"331",6521,0,478074,331,505,0,0,257898,220176,3312,3209
"332",1449,4772123,113372,332,506,3611167,1160956,77957,35415,1081,368
"333",3275,4772123,221937,333,507,3611167,1160956,140789,81148,2339,936
"334",2283,4772123,145814,334,508,3611167,1160956,87103,58711,1521,762
"335",5443,5443228,233631,335,509,4020687,1422541,114245,119386,3305,2138
"336",2658,2487035,174949,336,510,1690439,796596,102481,72468,1330,1328
"337",5380,2487035,302053,337,511,1690439,796596,184150,117903,2827,2553
"338",6050,3303917,245694,338,512,2193718,1110199,139089,106605,3432,2618
"339",5761,5443228,301041,339,513,4020687,1422541,176704,124337,3879,1882
"340",3895,7801405,284858,340,514,4156855,3644550,146641,138217,2356,1539
"341",1755,0,305013,341,515,0,0,123510,181503,714,1041
"342",2078,4845212,574974,342,516,1826607,3018605,290055,284919,955,1123
"343",2647,4192835,708917,343,518,2406964,1785871,441582,267335,2043,604
"344",1605,988739,474984,344,519,397831,590908,230085,244899,763,842
"345",1429,1520847,564386,345,520,539721,981126,248224,316162,782,647
"346",3440,1920977,1108945,346,521,712436,1208541,593433,515512,1687,1753
"347",365,3116413,548819,347,522,1236355,1880058,248836,299983,207,158
"348",114,1385946,563521,348,523,480853,905093,291406,272115,76,38
"349",653,1631813,491065,349,524,476285,1155528,183902,307163,301,352
"350",5592,1643464,721759,350,525,780337,863127,389157,332602,2762,2830
"351",2372,2796256,724552,351,526,1301703,1494553,442380,282172,1600,772
"352",4419,1499333,977895,352,529,800058,699275,606811,371084,2249,2170
"353",2737,2665284,484518,353,530,1582003,1083281,265104,219414,1277,1460
"354",654,1674158,619794,354,533,537614,1136544,300606,319188,206,448
"355",520,1099705,534662,355,534,334395,765310,226870,307792,234,286
"356",1179,1348990,565222,356,535,645169,703821,224241,340981,566,613
"357",1545,2079929,570488,357,536,715274,1364655,262391,308097,581,964
"358",2573,1287839,740071,358,537,691236,596603,395797,344274,1232,1341
"359",2253,1832502,577114,359,538,703295,1129207,337863,239251,1148,1105
"360",2962,1499333,325720,360,539,800058,699275,141922,183798,1515,1447
"361",4515,0,759516,361,540,0,0,350843,408673,1987,2528
"362",4460,0,507213,362,542,0,0,320909,186304,2207,2253
"363",3076,0,507213,363,543,0,0,320909,186304,1665,1411
"364",1413,0,95718,364,544,0,0,35162,60556,624,789
"365",2522,0,516011,365,546,0,0,189877,326134,1066,1456
"366",3645,635424,258063,366,548,234711,400713,100020,158043,1370,2275
"367",3778,0,684149,367,549,0,0,295684,388465,1683,2095
"368",2679,2516290,767454,368,550,1222792,1293498,477125,290329,2061,618
"369",3955,0,537794,369,551,0,0,329810,207984,1738,2217
"370",1176,0,597542,370,552,0,0,372559,224983,635,541
"371",2333,950943,316440,371,553,309189,641754,137093,179347,803,1530
"372",1591,0,602426,372,555,0,0,372930,229496,729,862
"373",394,1220732,294665,373,556,399608,821124,185337,109328,155,239
"374",2172,5379163,753528,374,557,3147905,2231258,389007,364521,1136,1036
"375",2752,1388869,879406,375,558,570546,818323,464142,415264,1710,1042
"376",5130,2632203,1213565,376,559,1178168,1454035,650121,563444,2500,2630
"377",2582,0,411689,377,560,0,0,205002,206687,1190,1392
"378",3268,2487035,238070,378,561,1690439,796596,138037,100033,1839,1429
"379",2651,1499333,343857,379,562,800058,699275,149982,193875,1239,1412
"380",6545,2956193,243479,380,563,2330248,625945,160997,82482,5898,647
"381",191,3116413,525281,381,564,1236355,1880058,234963,290318,111,80
"382",8361,1220732,355420,382,565,399608,821124,215152,140268,4266,4095
"383",8291,4772123,130812,383,567,3611167,1160956,75741,55071,4737,3554
"384",5162,5379163,531252,384,568,3147905,2231258,298585,232667,2538,2624
"385",324,637764,389555,385,569,179437,458327,146847,242708,160,164
"386",2874,4845212,390789,386,571,1826607,3018605,169490,221299,1644,1230
"387",619,950943,280071,387,572,309189,641754,130445,149626,357,262
"388",3057,0,336036,388,573,0,0,151155,184881,1456,1601
"389",3302,0,718278,389,574,0,0,309355,408923,1665,1637
"390",606,589631,209780,390,575,202610,387021,92630,117150,235,371
"391",2444,0,186370,391,576,0,0,85420,100950,1245,1199
"392",3001,0,184526,392,577,0,0,84592,99934,1437,1564
"393",4372,2956193,252754,393,578,2330248,625945,172046,80708,3419,953
"394",2549,1832502,231391,394,579,703295,1129207,107167,124224,1172,1377
"395",152,3370361,345770,395,580,1384172,1986189,133890,211880,95,57
"396",1285,2796256,273237,396,581,1301703,1494553,140235,133002,607,678
"397",2386,5443228,312631,397,582,4020687,1422541,199870,112761,1430,956
"398",7973,1832502,302956,398,583,703295,1129207,143235,159721,4020,3953
"399",4520,4845212,416353,399,584,1826607,3018605,175450,240903,1973,2547
"400",4785,2956193,256923,400,585,2330248,625945,136478,120445,2362,2423
"401",1256,1832502,119646,401,586,703295,1129207,56188,63458,577,679
"402",3436,5443228,200104,402,587,4020687,1422541,119933,80171,2688,748
"403",3534,5480636,177843,403,588,2061318,3419318,69220,108623,1643,1891
"404",5943,4772123,135995,404,589,3611167,1160956,79896,56099,3649,2294
"405",6443,4845212,819332,405,590,1826607,3018605,467631,351701,3230,3213
"406",1375,4845212,603900,406,591,1826607,3018605,289440,314460,740,635
"407",4057,4845212,132771,407,592,1826607,3018605,61820,70951,2289,1768
"408",3804,0,349486,408,593,0,0,126661,222825,1179,2625
"409",1898,1675816,4792,409,594,852847,822969,2873,1919,1813,85
"410",251,2783816,473491,410,600,1187122,1596694,207757,265734,166,85
"411",1365,991972,1047158,411,601,623311,368661,636830,410328,815,550
"412",5657,0,754562,412,602,0,0,344567,409995,2073,3584
"413",1256,1432372,712838,413,604,530580,901792,362043,350795,347,909
"414",2000,3788207,1308513,414,605,2550408,1237799,777081,531432,1103,897
"415",1305,0,292470,415,606,0,0,131161,161309,528,777
"416",1210,1128265,232016,416,607,403555,724710,118434,113582,531,679
"417",433,1811268,473534,417,608,812438,998830,219742,253792,221,212
"418",2806,0,549403,418,609,0,0,288358,261045,1304,1502
"419",1169,1255889,448718,419,610,477791,778098,181982,266736,482,687
"420",3030,2668517,618030,420,612,1807483,861034,353732,264298,1689,1341
"421",3370,2969961,1222024,421,613,1994014,975947,733896,488128,1747,1623
"422",3462,2668517,665828,422,614,1807483,861034,374998,290830,1912,1550
"423",2050,2668517,1003886,423,615,1807483,861034,584397,419489,952,1098
"424",477,1811268,721222,424,616,812438,998830,332641,388581,350,127
"425",1638,1120440,673130,425,617,448856,671584,261249,411881,523,1115
"426",579,1255889,586859,426,621,477791,778098,244925,341934,255,324
"427",2047,0,637888,427,622,0,0,268309,369579,799,1248
"428",3511,1811268,746057,428,623,812438,998830,325009,421048,1943,1568
"429",2543,535579,385363,429,624,201650,333929,174520,210843,866,1677
"430",2879,2931705,707937,430,625,1330638,1601067,391331,316606,984,1895
"431",2105,1499333,670917,431,626,800058,699275,372931,297986,1065,1040
"432",2623,0,642487,432,627,0,0,298182,344305,1137,1486
"433",673,1811268,309555,433,628,812438,998830,131925,177630,350,323
"434",2864,1527551,1197949,434,630,824961,702590,674935,523014,1479,1385
"435",4083,1832502,672916,435,631,703295,1129207,386461,286455,2379,1704
"436",4373,991972,1944404,436,633,623311,368661,1131620,812784,1978,2395
"437",4217,2939533,443128,437,634,1215993,1723540,209355,233773,2196,2021
"438",2921,1811268,742888,438,635,812438,998830,299071,443817,1286,1635
"439",2097,0,71488,439,636,0,0,41791,29697,1612,485
"440",1879,0,100450,440,637,0,0,55637,44813,1083,796
"441",1561,1811268,0,441,638,812438,998830,0,0,1004,557
"442",2392,1811268,86412,442,639,812438,998830,41340,45072,1423,969
"443",1421,991972,1761092,443,640,623311,368661,997640,763452,482,939
"444",4122,1527551,803878,444,641,824961,702590,488380,315498,2217,1905
"445",3075,1832502,402136,445,642,703295,1129207,165781,236355,1439,1636
"446",2589,589631,250589,446,643,202610,387021,95452,155137,863,1726
"447",4692,1499333,977895,447,646,800058,699275,606811,371084,2690,2002
"448",1271,1128265,288379,448,647,403555,724710,140151,148228,580,691
"449",3601,2619773,355322,449,648,1248914,1370859,177679,177643,1485,2116
"450",3870,2783816,472851,450,650,1187122,1596694,206763,266088,1913,1957
"451",1782,0,1846016,451,651,0,0,1021809,824207,842,940
"452",616,0,686316,452,652,0,0,302174,384142,232,384
"453",993,135449,427379,453,654,28935,106514,181281,246098,491,502
"454",1178,0,281867,454,656,0,0,105347,176520,493,685
"455",1892,135449,316812,455,657,28935,106514,128983,187829,612,1280
"456",1726,0,587487,456,658,0,0,255421,332066,933,793
"457",2515,2668517,803191,457,659,1807483,861034,462506,340685,1300,1215
"458",2381,991972,1308105,458,660,623311,368661,779007,529098,1288,1093
"459",2174,1811268,340899,459,661,812438,998830,163425,177474,1252,922
"460",2270,2939533,384954,460,663,1215993,1723540,189175,195779,1080,1190
"461",16,1811268,389805,461,664,812438,998830,174155,215650,9,7
"462",3373,2034052,1026525,462,700,642991,1391061,572671,453854,1474,1899
"463",1832,1467544,667409,463,701,432475,1035069,251562,415847,499,1333
"464",1594,1467544,538626,464,702,432475,1035069,208557,330069,520,1074
"465",7172,2266839,872484,465,703,898820,1368019,492383,380101,3272,3900
"466",5064,1467544,1211666,466,704,432475,1035069,785599,426067,2541,2523
"467",2077,675046,862815,467,706,172340,502706,439804,423011,1083,994
"468",583,675046,362428,468,707,172340,502706,168703,193725,246,337
"469",5135,1933597,444829,469,708,554996,1378601,222010,222819,2834,2301
"470",508,0,466818,470,709,0,0,247922,218896,303,205
"471",695,0,443263,471,710,0,0,229401,213862,312,383
"472",350,675046,115808,472,711,172340,502706,77563,38245,220,130
"473",1508,0,495519,473,712,0,0,215419,280100,566,942
"474",689,0,314642,474,713,0,0,147683,166959,363,326
"475",884,0,342411,475,714,0,0,158531,183880,407,477
"476",4511,1933597,373946,476,716,554996,1378601,183842,190104,2493,2018
"477",2837,1467544,725841,477,719,432475,1035069,366394,359447,1087,1750
"478",348,0,379138,478,720,0,0,149503,229635,204,144
"479",2801,2142590,621656,479,722,604815,1537775,338092,283564,952,1849
"480",7907,1467544,745736,480,723,432475,1035069,448379,297357,6462,1445
"481",298,466053,331025,481,724,122521,343532,146164,184861,166,132
"482",590,2569827,801240,482,725,623185,1946642,387442,413798,420,170
"483",2582,0,207472,483,726,0,0,90491,116981,767,1815
"484",2683,466053,280747,484,729,122521,343532,136653,144094,1032,1651
"485",4456,799295,344184,485,731,466345,332950,194842,149342,2706,1750
"486",946,0,393376,486,732,0,0,188820,204556,440,506
"487",682,0,201551,487,733,0,0,79449,122102,285,397
"488",1976,1141099,291043,488,734,294861,846238,124962,166081,625,1351
"489",2651,0,321169,489,735,0,0,129935,191234,817,1834
"490",1280,0,538855,490,736,0,0,220792,318063,438,842
"491",1108,675046,864747,491,737,172340,502706,427775,436972,333,775
"492",1440,0,427791,492,739,0,0,209782,218009,459,981
"493",1002,1961230,529989,493,740,531696,1429534,239184,290805,374,628
"494",344,0,216603,494,741,0,0,122176,94427,215,129
"495",1204,1291536,971475,495,742,596983,694553,512524,458951,606,598
"496",640,0,484951,496,743,0,0,234718,250233,316,324
"497",2674,1344200,333481,497,744,410104,934096,160212,173269,1647,1027
"498",1003,0,477557,498,745,0,0,190609,286948,316,687
"499",3032,242341,561579,499,746,85315,157026,252505,309074,1463,1569
"500",1762,0,417607,500,747,0,0,194406,223201,818,944
"501",494,799295,357251,501,748,466345,332950,188310,168941,396,98
"502",1421,856662,271895,502,749,487599,369063,130412,141483,712,709
"503",985,0,274998,503,750,0,0,126844,148154,286,699
"504",1159,689852,423545,504,752,232887,456965,168230,255315,353,806
"505",1888,1344200,73966,505,754,410104,934096,31164,42802,564,1324
"506",2391,242341,554903,506,755,85315,157026,278424,276479,1204,1187
"507",3243,2266839,935963,507,756,898820,1368019,543061,392902,1683,1560
"508",404,0,118921,508,757,0,0,42740,76181,195,209
"509",1923,1141099,321242,509,758,294861,846238,136549,184693,777,1146
"510",545,0,431051,510,759,0,0,171923,259128,162,383
"511",435,0,430671,511,760,0,0,198911,231760,185,250
"512",2145,799295,854229,512,762,466345,332950,484522,369707,908,1237
"513",775,466053,322345,513,763,122521,343532,153829,168516,318,457
"514",2926,0,480171,514,764,0,0,249354,230817,1762,1164
"515",2639,2266839,871478,515,765,898820,1368019,491704,379774,1315,1324
"516",1620,1344200,323111,516,766,410104,934096,155064,168047,859,761
"517",2901,3982299,430576,517,800,2507702,1474597,254610,175966,1527,1374
"518",988,899040,339322,518,802,502578,396462,137265,202057,606,382
"519",910,1980564,1063066,519,803,937414,1043150,569716,493350,547,363
"520",1763,7509388,721074,520,805,4983516,2525872,340676,380398,697,1066
"521",2732,5566789,507472,521,806,3668232,1898557,315450,192022,1955,777
"522",1459,0,1676506,522,807,0,0,785505,891001,809,650
"523",868,144823,179788,523,808,89766,55057,99295,80493,459,409
"524",1770,324508,462573,524,809,208131,116377,240714,221859,949,821
"525",662,1246738,410824,525,810,516081,730657,180571,230253,329,333
"526",967,1246738,345913,526,811,516081,730657,161956,183957,646,321
"527",877,1942599,414554,527,812,1315284,627315,202847,211707,475,402
"528",2200,6755175,640073,528,813,4539249,2215926,310653,329420,1229,971
"529",2517,144823,207674,529,815,89766,55057,99020,108654,1023,1494
"530",6560,5790873,970441,530,816,3882041,1908832,514919,455522,3287,3273
"531",1474,6755175,594681,531,817,4539249,2215926,275121,319560,733,741
"532",2525,1718515,1198643,532,818,1101475,617040,592386,606257,1089,1436
"533",1936,2696812,1240222,533,819,1759551,937261,634623,605599,975,961
"534",1415,964302,552740,534,820,657208,307094,272110,280630,773,642
"535",765,4812576,421363,535,822,3223965,1588611,261332,160031,395,370
"536",576,5406157,360790,536,823,3435910,1970247,144799,215991,225,351
"537",4705,144823,220406,537,825,89766,55057,105993,114413,2221,2484
"538",2733,0,1517209,538,826,0,0,724263,792946,1243,1490
"539",542,1942599,74450,539,827,1315284,627315,31098,43352,404,138
"540",1667,964302,1144492,540,828,657208,307094,572556,571936,796,871
"541",5565,4812576,402361,541,829,3223965,1588611,244416,157945,3186,2379
"542",1174,1346831,210451,542,830,761676,585155,93471,116980,509,665
"543",1010,1246738,448051,543,831,516081,730657,221310,226741,605,405
"544",4609,0,275570,544,832,0,0,139346,136224,2129,2480
"545",3113,1718515,608622,545,834,1101475,617040,279961,328661,1180,1933
"546",2000,2696812,1187477,546,835,1759551,937261,597288,590189,928,1072
"547",1808,0,342544,547,836,0,0,186295,156249,1043,765
"548",3369,324508,336766,548,837,208131,116377,146955,189811,1708,1661
"549",2185,964302,1094373,549,838,657208,307094,549142,545231,1051,1134
"550",1069,324508,190175,550,839,208131,116377,98245,91930,492,577
"551",946,4812576,227173,551,840,3223965,1588611,116615,110558,459,487
"552",4125,5790873,912003,552,841,3882041,1908832,477357,434646,2441,1684
"553",1505,1246738,574175,553,843,516081,730657,264603,309572,851,654
"554",1477,3228086,102108,554,844,2063435,1164651,44510,57598,535,942
"555",1978,6545086,484338,555,845,4326308,2218778,298366,185972,1517,461
"556",1191,0,416214,556,846,0,0,173474,242740,570,621
"557",1326,2749433,530480,557,900,969944,1779489,241910,288570,742,584
"558",1621,1079722,647327,558,901,338261,741461,291470,355857,778,843
"559",414,1362596,123407,559,902,468225,894371,53811,69596,95,319
"560",959,0,174275,560,903,0,0,59529,114746,238,721
"561",842,0,119584,561,904,0,0,48926,70658,346,496
"562",3491,1285472,450819,562,905,445031,840441,273497,177322,1966,1525
"563",3791,2891594,1488719,563,906,870612,2020982,818624,670095,1521,2270
"564",9182,1443498,719338,564,907,387980,1055518,368843,350495,3753,5429
"565",1444,3173326,510376,565,908,947501,2225825,214552,295824,607,837
"566",456,0,396903,566,909,0,0,159337,237566,309,147
"567",3234,2326477,365034,567,911,840015,1486462,176061,188973,1512,1722
"568",3318,0,987979,568,912,0,0,515309,472670,1180,2138
"569",4435,1443498,722832,569,913,387980,1055518,362786,360046,2073,2362
"570",5484,1161766,884662,570,914,311091,850675,472916,411746,2123,3361
"571",2227,0,423102,571,915,0,0,207622,215480,1002,1225
"572",1627,2326477,375584,572,916,840015,1486462,171962,203622,686,941
"573",2051,797990,782727,573,917,261372,536618,418445,364282,1349,702
"574",960,2749433,696195,574,919,969944,1779489,368405,327790,519,441
"575",663,1285472,174094,575,921,445031,840441,58020,116074,437,226
"576",719,3061207,1442776,576,922,910816,2150391,796281,646495,381,338
"577",940,2686173,824780,577,923,779373,1906800,424810,399970,298,642
"578",415,0,231720,578,924,0,0,95072,136648,241,174
"579",824,1951443,910781,579,925,708572,1242871,495207,415574,474,350
"580",2183,2121056,876144,580,926,748776,1372280,477879,398265,1168,1015
"581",845,3061207,1442776,581,927,910816,2150391,796281,646495,429,416
"582",364,0,53463,582,928,0,0,26436,27027,267,97
"583",1069,1443498,554355,583,930,387980,1055518,248407,305948,397,672
"584",3677,1818532,318102,584,931,519423,1299109,136585,181517,1496,2181
"585",1217,656766,540510,585,932,208332,448434,214761,325749,564,653
"586",2014,3173326,683755,586,933,947501,2225825,291170,392585,882,1132
"587",1287,1161766,405272,587,934,311091,850675,142411,262861,528,759
"588",439,3488243,303929,588,935,1151106,2337137,139285,164644,186,253
"589",125,77124,182075,589,937,23194,53930,56167,125908,39,86
"590",161,1362596,123818,590,938,468225,894371,53854,69964,63,98
"591",1211,2749433,629552,591,939,969944,1779489,286550,343002,749,462
"592",1057,0,109029,592,941,0,0,38016,71013,753,304
"593",565,0,160590,593,942,0,0,50050,110540,192,373
"594",2338,2749433,841842,594,943,969944,1779489,457850,383992,1495,843
"595",497,0,155676,595,945,0,0,54688,100988,287,210
"596",811,1839324,131132,596,946,671887,1167437,54559,76573,299,512
"597",750,2516560,902962,597,947,739169,1777391,466986,435976,332,418
"598",1400,2831849,984624,598,948,1976985,854864,437155,547469,763,637
"599",925,2891594,1517773,599,949,870612,2020982,830390,687383,505,420
"600",1731,3173326,428855,600,950,947501,2225825,181319,247536,727,1004
"601",1556,2891594,1483835,601,951,870612,2020982,828342,655493,794,762
"602",320,2686173,507171,602,952,779373,1906800,241232,265939,117,203
"603",619,169613,292059,603,953,40204,129409,126623,165436,275,344
"604",619,1362596,135434,604,954,468225,894371,38888,96546,252,367
"605",3021,1161766,880821,605,956,311091,850675,473426,407395,1119,1902
"606",1605,1443498,707848,606,958,387980,1055518,314214,393634,776,829
"607",683,1362596,41551,607,959,468225,894371,19468,22083,507,176
"608",1024,1285472,503035,608,960,445031,840441,291371,211664,741,283
"609",1287,2121056,876144,609,961,748776,1372280,477879,398265,661,626
"610",972,1285472,476579,610,962,445031,840441,278738,197841,492,480
"611",580,1839324,402813,611,963,671887,1167437,209638,193175,274,306
"612",785,4730918,982884,612,964,1542499,3188419,452993,529891,393,392
"613",428,1161766,308793,613,965,311091,850675,112927,195866,267,161
"614",610,2467701,696733,614,966,893055,1574646,339210,357523,501,109
"615",766,2749433,827783,615,967,969944,1779489,441757,386026,495,271
"616",163,0,119471,616,968,0,0,34446,85025,84,79
"617",304,0,87670,617,969,0,0,33083,54587,66,238
"618",495,1161766,194671,618,971,311091,850675,86686,107985,245,250
"619",735,2831849,289007,619,972,1976985,854864,166409,122598,321,414
"620",3757,2373620,739002,620,1001,874696,1498924,382131,356871,1835,1922
"621",2686,1143817,154383,621,1002,316808,827009,69259,85124,978,1708
"622",1596,1143817,408484,622,1003,316808,827009,204001,204483,802,794
"623",2326,1143817,378183,623,1004,316808,827009,204638,173545,961,1365
"624",928,529703,436186,624,1006,150329,379374,195034,241152,416,512
"625",156,0,7573,625,1007,0,0,3747,3826,84,72
"626",5493,1143817,373114,626,1008,316808,827009,199212,173902,2300,3193
"627",7867,2019466,937462,627,1009,919758,1099708,487635,449827,4169,3698
"628",3723,2395727,508123,628,1010,1015257,1380470,253758,254365,1788,1935
"629",4763,2395727,486239,629,1011,1015257,1380470,229354,256885,2013,2750
"630",1977,2019466,938967,630,1012,919758,1099708,492266,446701,1104,873
"631",2708,789663,455936,631,1013,361870,427793,224973,230963,1650,1058
"632",1459,529703,435606,632,1014,150329,379374,207661,227945,602,857
"633",1811,1103964,449903,633,1015,357170,746794,215356,234547,670,1141
"634",827,673245,439331,634,1016,248506,424739,257017,182314,410,417
"635",2486,521323,224337,635,1017,192248,329075,106410,117927,1226,1260
"636",1767,644601,306082,636,1018,265121,379480,169987,136095,1022,745
"637",5313,1434264,209548,637,1019,626991,807273,115317,94231,2663,2650
"638",5422,2664067,302510,638,1020,1184879,1479188,162221,140289,2604,2818
"639",1855,0,292586,639,1021,0,0,119753,172833,796,1059
"640",2394,2395727,509651,640,1022,1015257,1380470,254433,255218,1112,1282
"641",2374,0,244177,641,1023,0,0,158606,85571,1928,446
"642",3584,789663,476877,642,1024,361870,427793,238751,238126,2014,1570
"643",622,0,260822,643,1025,0,0,168269,92553,382,240
"644",767,574261,163818,644,1026,206841,367420,71701,92117,359,408
"645",1469,521323,155809,645,1027,192248,329075,77627,78182,742,727
"646",1736,2019466,403517,646,1028,919758,1099708,217061,186456,802,934
"647",3887,2019466,927330,647,1029,919758,1099708,478415,448915,1524,2363
"648",2652,789663,367844,648,1030,361870,427793,192601,175243,1500,1152
"649",579,1143817,135878,649,1031,316808,827009,56881,78997,249,330
"650",619,529703,246437,650,1032,150329,379374,96566,149871,251,368
"651",946,1103964,184928,651,1033,357170,746794,60956,123972,427,519
"652",536,574261,106016,652,1034,206841,367420,47106,58910,190,346
"653",2850,574261,259545,653,1035,206841,367420,149486,110059,1734,1116
"654",1376,1103964,345042,654,1036,357170,746794,193675,151367,772,604
"655",278,0,290417,655,1037,0,0,116174,174243,84,194
"656",248,0,187345,656,1038,0,0,64385,122960,65,183
"657",253,673245,384674,657,1039,248506,424739,233756,150918,116,137
"659",865,574261,193546,659,1041,206841,367420,94070,99476,395,470
"660",927,0,203040,660,1042,0,0,71904,131136,286,641
"661",4918,1051026,159940,661,1044,342577,708449,77250,82690,2178,2740
"662",2975,2395727,538422,662,1047,1015257,1380470,257169,281253,1265,1710
"663",2325,1165924,279578,663,1048,457369,708555,128569,151009,1012,1313
"664",944,0,149599,664,1049,0,0,47449,102150,268,676
"665",5965,644601,332029,665,1050,265121,379480,184606,147423,2707,3258
"666",1762,529703,186494,666,1051,150329,379374,72620,113874,703,1059
"667",580,1247506,278935,667,1052,455347,792159,165805,113130,230,350
"668",388,673245,30375,668,1053,248506,424739,12473,17902,175,213
"669",188,673245,452584,669,1054,248506,424739,262539,190045,66,122
"670",489,0,292254,670,1056,0,0,107880,184374,201,288
"671",498,673245,432412,671,1057,248506,424739,274890,157522,193,305
"672",299,1247506,182665,672,1058,455347,792159,130096,52569,105,194
"673",1881,1751126,624041,673,1059,750136,1000990,286480,337561,916,965
"674",973,2373620,154653,674,1060,874696,1498924,57371,97282,417,556
"675",1322,1673520,170171,675,1061,467137,1206383,61052,109119,535,787
"676",444,1247506,12175,676,1062,455347,792159,4382,7793,123,321
"677",264,314811,53724,677,1101,132098,182713,43659,10065,111,153
"678",1942,1250455,287751,678,1102,495614,754841,135056,152695,901,1041
"679",2079,813843,157096,679,1103,360348,453495,71381,85715,978,1101
"680",348,405919,16853,680,1105,152226,253693,9943,6910,193,155
"681",2519,1250455,279596,681,1106,495614,754841,126154,153442,1123,1396
"682",1096,3122679,320761,682,1108,1549594,1573085,159272,161489,512,584
"683",801,3122679,323400,683,1109,1549594,1573085,160227,163173,361,440
"684",969,1647333,201938,684,1110,676493,970840,75896,126042,434,535
"685",1525,2046217,144089,685,1111,1088915,957302,72998,71091,613,912
"686",6325,2046217,157368,686,1112,1088915,957302,87453,69915,3360,2965
"687",1815,1605542,90437,687,1113,852156,753386,30962,59475,751,1064
"688",431,1168930,57767,688,1114,716890,452040,24036,33731,254,177
"689",1851,1291536,1020123,689,1115,596983,694553,531367,488756,824,1027
"690",3903,2806105,393966,690,1117,1439272,1366833,181552,212414,2142,1761
"691",6327,2622864,342137,691,1118,1141878,1480986,208608,133529,3581,2746
"692",3952,1291536,361061,692,1119,596983,694553,183369,177692,1856,2096
"693",3102,1331328,228908,693,1120,544895,786433,120959,107949,1386,1716
"694",3580,2622864,336710,694,1121,1141878,1480986,207636,129074,2131,1449
"695",3687,1933012,104180,695,1122,908991,1024021,61394,42786,1909,1778
"696",5084,1474777,667457,696,1124,894377,580400,350699,316758,2551,2533
"697",2953,2424849,508700,697,1125,1176309,1248540,275553,233147,1131,1822
"698",2158,2911302,612419,698,1126,813628,2097674,331490,280929,950,1208
"699",2228,2911302,1085878,699,1127,813628,2097674,534315,551563,1102,1126
"700",1383,2911302,967060,700,1128,813628,2097674,492365,474695,730,653
"701",2664,2911302,967060,701,1129,813628,2097674,492365,474695,1114,1550
"702",861,2911302,963753,702,1130,813628,2097674,465247,498506,373,488
"703",2817,2911302,682698,703,1131,813628,2097674,282422,400276,1003,1814
"704",2475,1291536,933979,704,1132,596983,694553,486462,447517,1237,1238
"705",2194,689852,523914,705,1135,232887,456965,258096,265818,802,1392
"706",793,689852,439955,706,1136,232887,456965,209056,230899,452,341
"707",532,0,517351,707,1137,0,0,207351,310000,260,272
"708",1479,0,478999,708,1139,0,0,183027,295972,581,898
"709",2379,1467544,818365,709,1140,432475,1035069,403543,414822,773,1606
"710",3333,1894781,910595,710,1141,450845,1443936,522830,387765,1070,2263
"711",1241,1894781,878879,711,1145,450845,1443936,510849,368030,446,795
"712",1846,1894781,449082,712,1146,450845,1443936,163149,285933,611,1235
"713",919,1961230,713635,713,1148,531696,1429534,353153,360482,268,651
"714",4939,2375588,122235,714,1149,1156624,1218964,56420,65815,2290,2649
"715",4180,3122679,327962,715,1150,1549594,1573085,161694,166268,1938,2242
"716",2082,1609605,116615,716,1151,953649,655956,51918,64697,1343,739
"717",2742,3084382,232528,717,1152,1848026,1236356,114655,117873,1608,1134
"718",10137,1474777,679631,718,1153,894377,580400,364501,315130,5089,5048
"719",3208,598037,174691,719,1155,315272,282765,97944,76747,1176,2032
"720",2768,0,609192,720,1157,0,0,282594,326598,1285,1483
"721",8795,1933012,665825,721,1158,908991,1024021,356621,309204,4430,4365
"722",3706,1929365,259163,722,1159,860167,1069198,149764,109399,2854,852
"723",8917,598037,276534,723,1160,315272,282765,175658,100876,4895,4022
"724",361,0,131898,724,1161,0,0,65213,66685,202,159
"725",2097,2816263,64932,725,1162,1393383,1422880,25835,39097,853,1244
"726",1566,1605542,207903,726,1163,852156,753386,91128,116775,585,981
"727",989,2046217,172643,727,1165,1088915,957302,87630,85013,432,557
"728",4313,2072814,450558,728,1166,1209649,863165,241580,208978,2055,2258
"729",4172,440675,220222,729,1167,236759,203916,85656,134566,1526,2646
"730",1911,1647333,71127,730,1168,676493,970840,22102,49025,760,1151
"731",2549,2034052,705666,731,1169,642991,1391061,396668,308998,1292,1257
"732",1377,1791711,1030558,732,1170,557676,1234035,562431,468127,701,676
"733",2475,1791711,1260783,733,1171,557676,1234035,681085,579698,951,1524
"734",2237,1933012,248495,734,1172,908991,1024021,141490,107005,1194,1043
"735",4026,1933012,1160014,735,1173,908991,1024021,614843,545171,1877,2149
"736",1357,1933012,1191792,736,1174,908991,1024021,625558,566234,685,672
"737",1231,2622864,542496,737,1175,1141878,1480986,278769,263727,734,497
"738",1705,0,181541,738,1177,0,0,91618,89923,509,1196
"739",1377,1128654,182133,739,1178,492446,636208,80618,101515,801,576
"740",1693,1915452,285678,740,1180,1131136,784316,130977,154701,834,859
"741",717,0,98185,741,1181,0,0,57157,41028,626,91
"742",3449,1331328,676680,742,1182,544895,786433,304212,372468,1314,2135
"743",300,0,74547,743,1183,0,0,26266,48281,152,148
"744",2367,1210721,116857,744,1184,541227,669494,50798,66059,922,1445
"745",2348,1929365,345589,745,1185,860167,1069198,194482,151107,990,1358
"746",986,586025,84003,746,1186,246549,339476,41917,42086,457,529
"747",676,0,78247,747,1187,0,0,46653,31594,406,270
"748",945,1168930,79722,748,1188,716890,452040,41993,37729,670,275
"749",1589,3084382,197464,749,1190,1848026,1236356,102181,95283,949,640
"750",3197,3084382,196398,750,1191,1848026,1236356,101852,94546,1708,1489
"751",2069,440675,255134,751,1192,236759,203916,112271,142863,712,1357
"752",3854,3084382,254062,752,1193,1848026,1236356,148649,105413,2773,1081
"753",2117,3241744,356280,753,1194,1926539,1315205,187012,169268,1776,341
"754",4219,3682419,37379,754,1195,2163298,1519121,17476,19903,3739,480
"755",1198,1766967,142084,755,1196,1032162,734805,101843,40241,917,281
"756",5788,3084382,691474,756,1197,1848026,1236356,376371,315103,3399,2389
"757",1606,1609605,181313,757,1198,953649,655956,96412,84901,1305,301
"758",1451,2911302,499087,758,1199,813628,2097674,273432,225655,705,746
"759",265,722735,79623,759,1200,340220,382515,46829,32794,153,112
"760",4445,4353201,629370,760,1201,2741245,1611956,355214,274156,2424,2021
"761",5016,4353201,695136,761,1203,2741245,1611956,391319,303817,2882,2134
"762",1970,764984,221419,762,1204,288345,476639,92992,128427,889,1081
"763",3937,1379795,541427,763,1205,502593,877202,352483,188944,2117,1820
"764",4348,3174632,657884,764,1206,1105606,2069026,336752,321132,2116,2232
"765",1225,305955,194618,765,1207,106649,199306,72179,122439,376,849
"766",3659,789663,465409,766,1208,361870,427793,239623,225786,1819,1840
"767",8642,1001802,125776,767,1209,457126,544676,70090,55686,4483,4159
"768",18968,1001802,2086317,768,1210,457126,544676,1287627,798690,11261,7707
"769",6611,980684,703465,769,1211,401059,579625,421029,282436,3227,3384
"770",6556,2910155,495649,770,1212,1380250,1529905,227993,267656,2987,3569
"771",1872,1258829,168145,771,1213,618543,640286,82588,85557,787,1085
"772",2132,2250942,323047,772,1214,1075746,1175196,190757,132290,1105,1027
"773",2870,540652,198059,773,1215,262763,277889,96392,101667,1519,1351
"774",1431,3260253,616698,774,1217,2197696,1062557,371624,245074,518,913
"775",4251,1258829,207460,775,1218,618543,640286,104723,102737,2090,2161
"776",4176,1794837,368528,776,1220,603013,1191824,156717,211811,1572,2604
"777",3949,1794837,414328,777,1221,603013,1191824,174335,239993,1429,2520
"778",10256,1794837,714510,778,1222,603013,1191824,321321,393189,4423,5833
"779",3937,3174632,625968,779,1224,1105606,2069026,307960,318008,1751,2186
"780",3217,1001802,230380,780,1226,457126,544676,110731,119649,1424,1793
"781",2165,1218077,202959,781,1227,473317,744760,92017,110942,836,1329
"782",2211,764984,347707,782,1228,288345,476639,161358,186349,994,1217
"783",1452,764984,198057,783,1229,288345,476639,87141,110916,410,1042
"784",1358,1710290,463614,784,1230,812983,897307,212755,250859,749,609
"785",5631,1001802,2138949,785,1231,457126,544676,1308904,830045,3019,2612
"786",3510,1794837,1624116,786,1232,603013,1191824,985034,639082,1923,1587
"787",1537,1794837,1169627,787,1233,603013,1191824,675330,494297,729,808
"788",3476,1794837,752476,788,1235,603013,1191824,329128,423348,1499,1977
"789",789,3260253,100690,789,1239,2197696,1062557,54755,45935,677,112
"790",1023,3260253,100690,790,1240,2197696,1062557,54755,45935,594,429
"791",1206,3260253,317176,791,1241,2197696,1062557,182300,134876,712,494
"792",582,3260253,289268,792,1242,2197696,1062557,156763,132505,466,116
"793",8208,4644762,435332,793,1243,2940929,1703833,292426,142906,6632,1576
"794",4514,3260253,767755,794,1244,2197696,1062557,478008,289747,2177,2337
"795",3682,3260253,842805,795,1245,2197696,1062557,485373,357432,2004,1678
"796",4291,4019763,584863,796,1246,2559469,1460294,360331,224532,2420,1871
"797",2676,3260253,845571,797,1247,2197696,1062557,504662,340909,1554,1122
"798",3679,540652,145872,798,1248,262763,277889,68715,77157,1923,1756
"799",2351,1379795,157671,799,1249,502593,877202,68962,88709,994,1357
"800",925,3784229,104154,800,1250,1994477,1789752,53345,50809,563,362
"801",7617,1525646,751533,801,1251,637017,888629,340659,410874,3565,4052
"802",1382,2250942,342240,802,1253,1075746,1175196,191986,150254,742,640
"803",1694,3808239,600436,803,1256,2505287,1302952,353027,247409,818,876
"804",3545,4353201,695543,804,1257,2741245,1611956,377847,317696,1913,1632
"805",828,4979509,453207,805,1258,3046039,1933470,209736,243471,502,326
"806",3339,1258829,201093,806,1259,618543,640286,105752,95341,1575,1764
"807",2615,1258829,237462,807,1260,618543,640286,104801,132661,1257,1358
"808",3522,1525646,863652,808,1262,637017,888629,390017,473635,1453,2069
"809",442,1375543,173592,809,1263,707873,667670,61940,111652,178,264
"810",4510,2019466,913706,810,1264,919758,1099708,478608,435098,2243,2267
"811",3747,4644762,632866,811,1265,2940929,1703833,372598,260268,1918,1829
"812",1226,3260253,354419,812,1266,2197696,1062557,215243,139176,666,560
"813",3018,540652,145872,813,1267,262763,277889,68715,77157,1856,1162
"814",7864,1001802,265859,814,1268,457126,544676,129115,136744,4144,3720
"815",2417,1794837,384627,815,1269,603013,1191824,127641,256986,1066,1351
"816",2165,1171270,494055,816,1271,540752,630518,218023,276032,1150,1015
"817",1619,789663,393114,817,1274,361870,427793,197854,195260,768,851
"818",971,453093,197536,818,1275,184972,268121,87949,109587,469,502
"819",2304,1171270,250985,819,1277,540752,630518,114219,136766,1005,1299
"820",6036,1001802,629680,820,1278,457126,544676,383336,246344,3889,2147
"821",664,305955,200383,821,1279,106649,199306,85859,114524,352,312
"822",1056,305955,131199,822,1280,106649,199306,52592,78607,466,590
"823",2922,912122,412920,823,1282,366668,545454,202124,210796,1215,1707
"824",749,1711922,172597,824,1283,803515,908407,84669,87928,430,319
"825",1186,0,212745,825,1285,0,0,72105,140640,486,700
"826",2156,0,193486,826,1286,0,0,61042,132444,754,1402
"827",653,0,303410,827,1287,0,0,106395,197015,225,428
"828",3277,1884710,256673,828,1288,1489823,394887,111309,145364,1580,1697
"829",958,789663,71542,829,1289,361870,427793,28368,43174,496,462
"830",1298,0,247599,830,1290,0,0,74109,173490,303,995
"831",2341,644601,222617,831,1291,265121,379480,130968,91649,1359,982
"832",4117,980684,355024,832,1293,401059,579625,153654,201370,1771,2346
"833",9367,1001802,2086317,833,1295,457126,544676,1287627,798690,5746,3621
"834",1487,980684,580455,834,1296,401059,579625,266268,314187,686,801
"835",3419,980684,507459,835,1297,401059,579625,227461,279998,1706,1713
"836",958,644601,81184,836,1299,265121,379480,40704,40480,433,525
"837",937,0,155131,837,1300,0,0,81172,73959,435,502
"838",1610,3052807,1270196,838,1302,1763303,1289504,593457,676739,659,951
"839",2219,582700,1698122,839,1303,277237,305463,823339,874783,767,1452
"840",352,0,118918,840,1304,0,0,58916,60002,272,80
"841",1373,582700,1738418,841,1305,277237,305463,911976,826442,661,712
"842",3265,3052807,1118285,842,1306,1763303,1289504,549884,568401,1320,1945
"843",9411,3251217,570155,843,1308,2084720,1166497,305359,264796,5131,4280
"845",590,0,717978,845,1314,0,0,313131,404847,129,461
"846",492,0,263079,846,1315,0,0,128045,135034,294,198
"847",595,0,258684,847,1316,0,0,127501,131183,378,217
"849",2334,1442101,1552727,849,1318,530967,911134,816469,736258,943,1391
"850",3537,1442101,900120,850,1319,530967,911134,430420,469700,1609,1928
"851",2956,0,1030048,851,1320,0,0,492426,537622,1305,1651
"852",3192,0,481803,852,1321,0,0,255944,225859,1633,1559
"853",1248,0,720498,853,1322,0,0,338407,382091,515,733
"854",1156,0,253672,854,1323,0,0,153834,99838,541,615
"855",989,514937,167482,855,1325,191146,323791,88420,79062,566,423
"856",1041,514937,167482,856,1326,191146,323791,88420,79062,552,489
"857",1283,514937,182420,857,1327,191146,323791,90527,91893,651,632
"858",3824,0,318775,858,1328,0,0,186899,131876,1790,2034
"859",2740,2998588,907624,859,1332,1027126,1971462,539287,368337,1265,1475
"860",2189,2031164,423015,860,1333,609785,1421379,215135,207880,884,1305
"861",1111,2031164,1000310,861,1334,609785,1421379,626167,374143,544,567
"862",3080,582700,2196610,862,1336,277237,305463,1072982,1123628,1250,1830
"863",5423,582700,1933151,863,1337,277237,305463,963729,969422,2307,3116
"864",1777,756426,700717,864,1338,344154,412272,348633,352084,833,944
"865",1604,1935152,2469138,865,1339,643359,1291793,1421623,1047515,594,1010
"866",579,529569,278101,866,1340,199364,330205,140504,137597,275,304
"867",267,0,268008,867,1342,0,0,119722,148286,141,126
"868",1073,3052807,1169343,868,1343,1763303,1289504,561381,607962,522,551
"869",841,0,671998,869,1344,0,0,268883,403115,457,384
"870",1236,3377253,404686,870,1346,1174326,2202927,137013,267673,401,835
"871",602,1442101,1023181,871,1347,530967,911134,477969,545212,196,406
"872",854,1442101,1819900,872,1348,530967,911134,923266,896634,466,388
"873",692,0,471202,873,1349,0,0,209414,261788,355,337
"874",2888,3424943,865684,874,1351,2151637,1273306,488941,376743,1339,1549
"875",339,756426,565810,875,1352,344154,412272,252898,312912,179,160
"876",331,1442101,1757888,876,1353,530967,911134,887907,869981,140,191
"877",3461,0,770249,877,1354,0,0,389963,380286,1829,1632
"878",3394,582700,1092259,878,1355,277237,305463,548292,543967,1303,2091
"879",578,0,626931,879,1357,0,0,340553,286378,298,280
"880",874,0,815337,880,1358,0,0,369236,446101,396,478
"881",953,0,261141,881,1359,0,0,106091,155050,455,498
"882",683,0,831400,882,1360,0,0,351945,479455,299,384
"883",1369,0,214738,883,1361,0,0,82156,132582,657,712
"884",2126,756426,664771,884,1362,344154,412272,310431,354340,912,1214
"885",2494,2432971,504030,885,1363,1528326,904645,255622,248408,1037,1457
"886",940,3052807,1313896,886,1364,1763303,1289504,625146,688750,346,594
"887",352,0,191020,887,1365,0,0,96030,94990,219,133
"888",528,0,199130,888,1366,0,0,119876,79254,198,330
"889",709,1442101,1604404,889,1367,530967,911134,830161,774243,304,405
"890",1785,582700,1707155,890,1368,277237,305463,845386,861769,838,947
"891",1851,3377253,1992959,891,1369,1174326,2202927,1103395,889564,876,975
"892",461,0,134412,892,1370,0,0,65965,68447,323,138
"893",3487,991972,659495,893,1372,623311,368661,347157,312338,1874,1613
"894",1132,0,552090,894,1373,0,0,323939,228151,557,575
"895",1628,0,812351,895,1375,0,0,438853,373498,751,877
"896",522,0,182161,896,1376,0,0,109527,72634,476,46
"897",537,0,277070,897,1377,0,0,162251,114819,426,111
"898",2755,3161981,469590,898,1401,1057348,2104633,237517,232073,1330,1425
"899",1060,598898,468410,899,1402,222363,376535,232166,236244,451,609
"900",4219,1096532,568638,900,1403,371797,724735,251275,317363,1789,2430
"901",1662,2063559,827797,901,1404,671069,1392490,353600,474197,694,968
"902",2196,516084,861303,902,1405,185755,330329,441844,419459,1092,1104
"903",188,132732,74536,903,1406,57951,74781,50337,24199,128,60
"904",1783,1645754,397221,904,1407,638709,1007045,188278,208943,725,1058
"905",2476,2371767,331592,905,1408,902449,1469318,154274,177318,1213,1263
"906",225,1392127,623164,906,1410,445713,946414,314945,308219,163,62
"907",977,1853630,1065550,907,1411,593084,1260546,562640,502910,483,494
"908",669,967027,925086,908,1412,299272,667755,500009,425077,290,379
"909",1437,0,409664,909,1413,0,0,248954,160710,699,738
"910",3468,2359154,742999,910,1414,744985,1614169,350825,392174,1447,2021
"911",1233,1853630,743944,911,1416,593084,1260546,332079,411865,697,536
"912",417,49918,123465,912,1418,21343,28575,39696,83769,155,262
"913",910,49918,468449,913,1420,21343,28575,260660,207789,393,517
"914",683,132732,168998,914,1421,57951,74781,81145,87853,464,219
"915",314,49918,80385,915,1422,21343,28575,33885,46500,226,88
"916",180,132732,74536,916,1424,57951,74781,50337,24199,115,65
"917",731,1997842,409590,917,1425,638406,1359436,169938,239652,375,356
"918",365,1981758,210203,918,1426,648323,1333435,91837,118366,227,138
"919",610,1981758,242340,919,1427,648323,1333435,104433,137907,366,244
"920",1124,1645754,227557,920,1428,638709,1007045,141037,86520,642,482
"921",1457,1096532,682552,921,1429,371797,724735,331514,351038,663,794
"922",1636,516084,624405,922,1430,185755,330329,277917,346488,1183,453
"923",2312,566002,749282,923,1431,207098,358904,323733,425549,1146,1166
"924",2958,1774862,749606,924,1433,593165,1181697,357410,392196,1321,1637
"925",1640,1392127,467714,925,1434,445713,946414,219515,248199,519,1121
"926",299,132732,334310,926,1435,57951,74781,137509,196801,107,192
"927",686,132732,378691,927,1436,57951,74781,158166,220525,322,364
"928",963,1997842,319766,928,1437,638406,1359436,131749,188017,423,540
"929",2774,49918,421595,929,1438,21343,28575,248562,173033,1448,1326
"930",1577,1997842,275317,930,1440,638406,1359436,124027,151290,768,809
"931",1113,49918,135351,931,1441,21343,28575,37721,97630,432,681
"932",1978,1096532,909830,932,1442,371797,724735,428251,481579,869,1109
"933",722,516084,723883,933,1443,185755,330329,351111,372772,252,470
"934",1733,950943,255835,934,1444,309189,641754,112760,143075,510,1223
"935",408,1392127,249488,935,1445,445713,946414,97646,151842,153,255
"936",2808,1337546,417699,936,1446,407329,930217,156938,260761,1366,1442
"937",2929,1997842,748660,937,1447,638406,1359436,383441,365219,1514,1415
"938",3294,1483111,786679,938,1448,485027,998084,407168,379511,1529,1765
"939",3396,2579643,783146,939,1449,856824,1722819,382908,400238,1759,1637
"940",1278,967424,361862,940,1450,417341,550083,170920,190942,602,676
"941",3767,972548,687588,941,1451,374684,597864,285822,401766,1530,2237
"942",2607,0,247821,942,1452,0,0,113127,134694,1099,1508
"943",227,82814,119179,943,1453,36608,46206,65752,53427,111,116
"944",1822,1404343,215387,944,1454,485108,919235,88799,126588,716,1106
"945",2277,2579643,805528,945,1455,856824,1722819,389111,416417,1176,1101
"946",1076,516084,222924,946,1456,185755,330329,91999,130925,434,642
"947",879,967027,653794,947,1457,299272,667755,318901,334893,383,496
"948",2077,516084,903339,948,1458,185755,330329,453070,450269,891,1186
"949",403,516084,903339,949,1459,185755,330329,453070,450269,203,200
"950",2319,0,568512,950,1501,0,0,306457,262055,1175,1144
"951",4835,0,2631388,951,1503,0,0,1417728,1213660,2634,2201
"952",825,0,411289,952,1504,0,0,193946,217343,344,481
"953",1456,0,338553,953,1506,0,0,142215,196338,703,753
"954",1306,0,520574,954,1509,0,0,223397,297177,508,798
"955",373,0,525888,955,1510,0,0,231011,294877,174,199
"956",324,0,600722,956,1511,0,0,270682,330040,117,207
"957",1685,1831186,772175,957,1512,521103,1310083,330601,441574,649,1036
"958",764,0,2648452,958,1513,0,0,1425115,1223337,400,364
"959",2788,0,2576164,959,1514,0,0,1400031,1176133,1363,1425
"960",790,1935152,791548,960,1515,643359,1291793,328601,462947,277,513
"961",554,0,362311,961,1516,0,0,150627,211684,239,315
"962",850,0,469503,962,1518,0,0,203154,266349,428,422
"963",895,0,536023,963,1519,0,0,236339,299684,444,451
"964",1249,0,2461864,964,1520,0,0,1350151,1111713,596,653
"965",324,0,323998,965,1522,0,0,175854,148144,198,126
"966",848,0,878720,966,1525,0,0,461420,417300,515,333
"967",905,0,2538857,967,1526,0,0,1333472,1205385,420,485
"968",1252,0,1062299,968,1527,0,0,577296,485003,717,535
"969",618,1935152,594842,969,1528,643359,1291793,218421,376421,282,336
"970",2322,0,693510,970,1529,0,0,405973,287537,1261,1061
"971",1970,0,604940,971,1530,0,0,263897,341043,842,1128
"972",3941,1935152,2285016,972,1531,643359,1291793,1264083,1020933,1739,2202
"973",977,0,532446,973,1532,0,0,235376,297070,488,489
"974",2129,0,566819,974,1533,0,0,249288,317531,931,1198
"975",1530,0,216551,975,1534,0,0,84146,132405,663,867
"976",3442,0,2288234,976,1535,0,0,1278374,1009860,1781,1661
"977",1401,0,473326,977,1536,0,0,198269,275057,625,776
"978",633,0,120924,978,1537,0,0,72718,48206,295,338
"979",677,0,234229,979,1538,0,0,112055,122174,331,346
"980",1871,0,377750,980,1539,0,0,181473,196277,1113,758
"981",980,0,507301,981,1540,0,0,217384,289917,506,474
"982",463,0,369941,982,1541,0,0,169649,200292,227,236
"983",733,0,574257,983,1542,0,0,283311,290946,401,332
"984",891,0,383315,984,1543,0,0,166698,216617,397,494
"985",282,0,376743,985,1545,0,0,169667,207076,172,110
"986",822,1935152,2468116,986,1546,643359,1291793,1347221,1120895,387,435
"987",447,1935152,143368,987,1547,643359,1291793,46500,96868,158,289
"988",811,0,119234,988,1548,0,0,45710,73524,482,329
"989",4751,3528157,961804,989,1601,1226490,2301667,561239,400565,2273,2478
"990",1921,2045796,264806,990,1602,618003,1427793,155978,108828,1006,915
"991",1999,0,455470,991,1603,0,0,200254,255216,826,1173
"992",2392,2002060,329573,992,1605,742333,1259727,142939,186634,1133,1259
"993",1810,3161981,442249,993,1606,1057348,2104633,216941,225308,900,910
"994",5933,967424,452800,994,1608,417341,550083,209940,242860,2775,3158
"995",4131,967424,446879,995,1610,417341,550083,203266,243613,2072,2059
"996",4484,0,395334,996,1611,0,0,214863,180471,2339,2145
"997",4185,1472491,758057,997,1616,542969,929522,403969,354088,1918,2267
"998",2433,2308474,649341,998,1617,809751,1498723,341162,308179,1029,1404
"999",2725,0,699294,999,1619,0,0,307997,391297,1389,1336
"1000",2186,835983,321001,1000,1620,266782,569201,122813,198188,928,1258
"1001",3726,2308474,897066,1001,1623,809751,1498723,506287,390779,1891,1835
"1002",5377,1142035,582748,1002,1625,341216,800819,334809,247939,2753,2624
"1003",577,1157510,328794,1003,1627,420061,737449,177345,151449,285,292
"1004",1145,1425092,380825,1004,1628,441073,984019,196502,184323,439,706
"1005",1409,1157510,333775,1005,1630,420061,737449,181966,151809,671,738
"1006",1595,1841981,118337,1006,1634,575186,1266795,51209,67128,682,913
"1007",304,699946,56966,1007,1635,233970,465976,29281,27685,197,107
"1008",4427,3885779,623701,1008,1636,1401924,2483855,343120,280581,2238,2189
"1009",5054,3049796,1183544,1009,1637,1135142,1914654,653521,530023,2661,2393
"1010",1157,1157510,238178,1010,1639,420061,737449,138974,99204,498,659
"1011",2007,1496993,203715,1011,1640,616705,880288,81661,122054,919,1088
"1012",869,3013220,165297,1012,1641,1035344,1977876,66301,98996,310,559
"1013",1123,0,215533,1013,1642,0,0,93788,121745,581,542
"1014",2431,3161981,474496,1014,1643,1057348,2104633,233787,240709,1199,1232
"1015",670,138286,30817,1015,1646,58907,79379,21496,9321,299,371
"1016",3313,2308474,647884,1016,1650,809751,1498723,343742,304142,1734,1579
"1017",1027,1425092,287554,1017,1651,441073,984019,125745,161809,464,563
"1018",465,1157510,247751,1018,1652,420061,737449,139117,108634,193,272
"1019",5504,3049796,967080,1019,1653,1135142,1914654,517814,449266,2831,2673
"1020",633,1841981,305766,1020,1654,575186,1266795,168200,137566,369,264
"1021",3079,1110371,227254,1021,1655,396629,713742,99254,128000,1402,1677
"1022",3660,4191831,763590,1022,1656,1476358,2715473,416006,347584,1807,1853
"1023",1419,4963373,754245,1023,1657,1804438,3158935,413191,341054,1018,401
"1024",1536,835983,535458,1024,1659,266782,569201,237308,298150,616,920
"1025",791,1110371,237608,1025,1660,396629,713742,117603,120005,414,377
"1026",1496,3885779,588351,1026,1661,1401924,2483855,310292,278059,722,774
"1027",2331,3049796,1145428,1027,1662,1135142,1914654,681730,463698,1366,965
"1028",3919,2560733,382718,1028,1663,809149,1751584,198826,183892,2193,1726
"1029",429,835983,331926,1029,1664,266782,569201,133343,198583,182,247
"1030",1576,0,569024,1030,1665,0,0,247834,321190,687,889
"1031",1994,4191831,441683,1031,1666,1476358,2715473,208110,233573,930,1064
"1032",1816,1142035,380503,1032,1667,341216,800819,148552,231951,830,986
"1033",3728,835983,498492,1033,1668,266782,569201,255039,243453,1921,1807
"1034",2787,1946354,474454,1034,1669,663411,1282943,265197,209257,1394,1393
"1035",2294,1946354,380040,1035,1670,663411,1282943,171080,208960,1220,1074
"1036",1506,891689,489237,1036,1671,345704,545985,235880,253357,753,753
"1037",1327,873766,83181,1037,1672,337136,536630,26300,56881,574,753
"1038",5538,3049796,1230789,1038,1673,1135142,1914654,706712,524077,2946,2592
"1039",2776,4963373,800548,1039,1674,1804438,3158935,426491,374057,1505,1271
"1040",323,891689,460510,1040,1675,345704,545985,221296,239214,198,125
"1041",1009,0,175558,1041,1677,0,0,82356,93202,560,449
"1042",638,3885779,461257,1042,1678,1401924,2483855,236578,224679,375,263
"1043",397,0,15169,1043,1679,0,0,13461,1708,225,172
"1044",145,0,23378,1044,1680,0,0,16539,6839,75,70
"1045",1509,0,196481,1045,1681,0,0,89383,107098,648,861
"1046",1217,1142035,352032,1046,1682,341216,800819,178377,173655,559,658
"1047",1597,0,606389,1047,1683,0,0,273534,332855,703,894
"1048",3712,3161981,471716,1048,1684,1057348,2104633,228407,243309,2136,1576
"1049",1049,0,482570,1049,1685,0,0,254720,227850,558,491
"1050",2346,3681643,356190,1050,1686,1296566,2385077,180222,175968,1047,1299
"1051",2426,631847,306730,1051,1688,161424,470423,150229,156501,923,1503
"1052",1608,631847,306529,1052,1689,161424,470423,148638,157891,686,922
"1053",1329,3681643,1010418,1053,1690,1296566,2385077,585823,424595,704,625
"1054",1745,4823678,374953,1054,1691,1637782,3185896,130338,244615,919,826
"1055",1469,1773882,341164,1055,1692,502640,1271242,129400,211764,757,712
"1056",377,0,284458,1056,1693,0,0,140211,144247,245,132
"1057",1222,2167486,186903,1057,1702,744271,1423215,86004,100899,554,668
"1058",986,873766,278231,1058,1703,337136,536630,176465,101766,629,357
"1059",2074,624351,634463,1059,1705,234247,390104,305537,328926,1209,865
"1060",1780,624351,630243,1060,1706,234247,390104,314032,316211,908,872
"1061",1866,3744763,641346,1061,1707,1190399,2554364,236048,405298,1022,844
"1062",2097,1913577,811464,1062,1708,669296,1244281,331983,479481,978,1119
"1063",2740,1831186,1237994,1063,1709,521103,1310083,732686,505308,1506,1234
"1065",1191,1831186,322751,1065,1713,521103,1310083,143571,179180,489,702
"1066",452,3998672,188145,1066,1714,1265374,2733298,78024,110121,330,122
"1067",1515,0,351557,1067,1715,0,0,180455,171102,921,594
"1068",2609,4963373,851333,1068,1716,1804438,3158935,547089,304244,1419,1190
"1069",481,4963373,654236,1069,1717,1804438,3158935,394203,260033,313,168
"1070",1072,988616,448226,1070,1719,374659,613957,203833,244393,404,668
"1071",3168,1256198,364433,1071,1720,395671,860527,190465,173968,1868,1300
"1072",3889,2167486,881914,1072,1721,744271,1423215,560126,321788,2068,1821
"1073",1390,1913577,680383,1073,1722,669296,1244281,393808,286575,575,815
"1074",1651,0,352821,1074,1723,0,0,132135,220686,776,875
"1075",666,3998672,133837,1075,1725,1265374,2733298,56191,77646,255,411
"1076",2105,0,791249,1076,1726,0,0,321851,469398,769,1336
"1077",402,364265,165789,1077,1727,140412,223853,90660,75129,212,190
"1078",745,1157510,296075,1078,1728,420061,737449,145814,150261,510,235
"1079",1186,1238031,223783,1079,1729,477548,760483,102941,120842,498,688
"1080",310,1238031,359928,1080,1730,477548,760483,241657,118271,151,159
"1081",296,1238031,347514,1081,1731,477548,760483,239583,107931,194,102
"1082",927,624351,518224,1082,1732,234247,390104,259913,258311,458,469
"1083",1728,624351,630215,1083,1733,234247,390104,298489,331726,861,867
"1084",1234,0,743866,1084,1734,0,0,281007,462859,469,765
"1085",764,1157510,329664,1085,1735,420061,737449,150664,179000,308,456
"1086",977,3744763,538224,1086,1736,1190399,2554364,210009,328215,499,478
"1087",1933,0,514394,1087,1737,0,0,219226,295168,810,1123
"1088",1906,2167486,177379,1088,1738,744271,1423215,83270,94109,808,1098
"1090",3163,1831186,1367337,1090,1741,521103,1310083,810770,556567,1663,1500
"1091",1400,0,296838,1091,1742,0,0,121561,175277,589,811
"1092",3378,1426391,444630,1092,1804,928294,498097,297520,147110,1572,1806
"1093",1979,7744671,715377,1093,1805,6413485,1331186,457458,257919,1632,347
"1094",2157,7744671,248935,1094,1806,6413485,1331186,165890,83045,1858,299
"1095",2607,7703895,467814,1095,1808,6359901,1343994,355817,111997,2540,67
"1096",1186,1426391,143233,1096,1809,928294,498097,91268,51965,1141,45
"1097",1627,7744671,1100904,1097,1812,6413485,1331186,680150,420754,1014,613
"1098",1552,1426391,1138313,1098,1814,928294,498097,533889,604424,582,970
"1099",368,0,308980,1099,1816,0,0,133322,175658,182,186
"1100",1429,871443,762121,1100,1819,348328,523115,394397,367724,662,767
"1101",487,753672,337407,1101,1820,299983,453689,162507,174900,209,278
"1102",929,871443,1134566,1102,1821,348328,523115,505570,628996,377,552
"1103",1479,871443,981399,1103,1822,348328,523115,438810,542589,502,977
"1104",796,871443,665904,1104,1823,348328,523115,350876,315028,309,487
"1105",2850,1426391,96923,1105,1824,928294,498097,49053,47870,998,1852
"1106",861,871443,336484,1106,1825,348328,523115,208695,127789,197,664
"1107",1303,871443,120234,1107,1826,348328,523115,43458,76776,311,992
"1108",4491,871443,431236,1108,1827,348328,523115,256771,174465,2077,2414
"1109",712,0,960543,1109,1828,0,0,403524,557019,386,326
"1110",2092,1426391,1226794,1110,1829,928294,498097,648451,578343,761,1331
"1111",3527,1426391,1081440,1111,1830,928294,498097,613671,467769,1307,2220
"1112",1057,0,1483807,1112,1831,0,0,753579,730228,442,615
"1113",3500,1426391,499642,1113,1833,928294,498097,331464,168178,1804,1696
"1114",6489,6277504,966854,1114,1834,5431607,845897,634700,332154,5397,1092
"1115",2127,6277504,1244051,1115,1835,5431607,845897,863251,380800,1465,662
"1116",203,0,41007,1116,1836,0,0,10852,30155,118,85
"1117",5267,6277504,1082946,1117,1839,5431607,845897,792277,290669,4636,631
"1118",1133,7703895,591518,1118,1840,6359901,1343994,367903,223615,669,464
"1119",2170,6277504,977711,1119,1841,5431607,845897,558485,419226,761,1409
"1120",383,0,477308,1120,1842,0,0,193412,283896,141,242
"1121",915,0,633378,1121,1843,0,0,267411,365967,334,581
"1122",1175,2297834,144956,1122,1845,1276622,1021212,51851,93105,301,874
"1123",2721,2297834,737896,1123,1846,1276622,1021212,376187,361709,538,2183
"1124",644,2297834,189265,1124,1847,1276622,1021212,71698,117567,223,421
"1125",3361,6277504,872964,1125,1848,5431607,845897,611133,261831,3077,284
"1126",746,7744671,1317976,1126,1849,6413485,1331186,786698,531278,425,321
"1127",1663,7744671,1336185,1127,1850,6413485,1331186,794383,541802,1054,609
"1128",5890,7744671,769491,1128,1851,6413485,1331186,454382,315109,3332,2558
"1129",341,0,494273,1129,1852,0,0,235193,259080,127,214
"1130",708,1426391,1483867,1130,1853,928294,498097,764361,719506,291,417
"1131",577,5107502,792356,1131,1854,2972454,2135048,349916,442440,360,217
"1132",137,871443,619809,1132,1855,348328,523115,294195,325614,63,74
"1133",859,5107502,798782,1133,1856,2972454,2135048,353548,445234,293,566
"1134",582,2297834,178435,1134,1857,1276622,1021212,62232,116203,91,491
"1135",654,753672,441190,1135,1858,299983,453689,247309,193881,206,448
"1136",1201,1426391,446169,1136,1859,928294,498097,303935,142234,1054,147
"1137",2235,1696821,497015,1137,1901,1015406,681415,264486,232529,1090,1145
"1138",2862,4713645,94150,1138,1904,2174495,2539150,52354,41796,1207,1655
"1139",13504,4713645,1521607,1139,1906,2174495,2539150,823241,698366,7254,6250
"1140",1609,577844,250335,1140,1907,190832,387012,118405,131930,577,1032
"1141",2528,577844,103357,1141,1908,190832,387012,46445,56912,1161,1367
"1142",558,1618976,985812,1142,1910,971512,647464,499289,486523,275,283
"1143",12011,5107502,2400391,1143,1911,2972454,2135048,1442670,957721,6947,5064
"1144",2938,1467167,312098,1144,1912,981878,485289,161493,150605,1628,1310
"1145",1312,1467167,651050,1145,1913,981878,485289,339642,311408,660,652
"1146",3262,0,809814,1146,1914,0,0,416488,393326,1713,1549
"1147",733,1467167,801109,1147,1916,981878,485289,451551,349558,408,325
"1148",2049,6254776,982247,1148,1920,3102113,3152663,555202,427045,954,1095
"1149",1266,5107502,760070,1149,1924,2972454,2135048,383612,376458,638,628
"1150",6197,2193334,369376,1150,1925,643258,1550076,181053,188323,2735,3462
"1151",2212,577844,364398,1151,1928,190832,387012,177361,187037,875,1337
"1152",1283,0,327792,1152,1929,0,0,119756,208036,602,681
"1153",1017,2368570,663997,1153,1930,684936,1683634,315772,348225,397,620
"1154",2575,1615490,1663216,1154,1931,452426,1163064,933339,729877,896,1679
"1155",1780,753080,562883,1155,1933,232510,520570,218038,344845,455,1325
"1156",1260,1615490,1652337,1156,1936,452426,1163064,928811,723526,403,857
"1157",973,1733797,285235,1157,1937,508062,1225735,97086,188149,333,640
"1158",1435,1321516,418152,1158,1941,399887,921629,207428,210724,442,993
"1159",543,0,467588,1159,1943,0,0,307346,160242,218,325
"1160",3004,1618976,910255,1160,1946,971512,647464,469678,440577,1702,1302
"1161",606,568436,154284,1161,1951,167377,401059,54876,99408,359,247
"1162",1930,2302233,48425,1162,1952,675439,1626794,19511,28914,650,1280
"1163",980,568436,228473,1163,1953,167377,401059,127617,100856,527,453
"1164",5203,5107502,2327272,1164,1955,2972454,2135048,1424250,903022,2875,2328
"1165",1815,6332621,175735,1165,1956,3146007,3186614,79864,95871,898,917
"1166",1923,577844,197466,1166,1957,190832,387012,79848,117618,586,1337
"1167",2006,0,848064,1167,1958,0,0,463086,384978,934,1072
"1168",1907,1618976,809610,1168,1959,971512,647464,441561,368049,992,915
"1169",2594,6254776,550821,1169,1960,3102113,3152663,291857,258964,1235,1359
"1170",8551,4635800,1578781,1170,1961,2130601,2505199,847380,731401,4882,3669
"1171",2403,12852173,645799,1171,1962,9385939,3466234,406657,239142,2000,403
"1172",1371,2193334,563485,1172,1964,643258,1550076,277681,285804,754,617
"1173",1173,1615490,1499522,1173,1965,452426,1163064,861123,638399,544,629
"1174",1965,2193334,1166193,1174,1966,643258,1550076,738017,428176,595,1370
"1175",459,0,435989,1175,1967,0,0,193260,242729,246,213
"1176",493,753080,618464,1176,1968,232510,520570,245395,373069,211,282
"1177",166,0,99166,1177,1969,0,0,57543,41623,76,90
"1178",380,0,554382,1178,1971,0,0,337821,216561,149,231
"1179",455,568436,236190,1179,1973,167377,401059,134016,102174,159,296
"1180",2247,6254776,482624,1180,1974,3102113,3152663,247924,234700,1287,960
"1181",2211,1467167,686694,1181,1975,981878,485289,362237,324457,1188,1023
"1182",835,7744671,628072,1182,1976,6413485,1331186,309877,318195,313,522
"1183",1276,568436,223288,1183,1977,167377,401059,124214,99074,951,325
"1184",328,577844,198093,1184,1979,190832,387012,85324,112769,91,237
"1185",1256,568436,128914,1185,1981,167377,401059,49631,79283,431,825
"1186",2084,6254776,883446,1186,1983,3102113,3152663,426839,456607,878,1206
"1187",1773,0,633565,1187,1984,0,0,348989,284576,1177,596
"1188",5310,0,635170,1188,1985,0,0,353440,281730,2747,2563
"1189",9463,6574669,372869,1189,1986,3954332,2620337,250088,122781,8237,1226
"1190",1843,1615490,565418,1190,1987,452426,1163064,312968,252450,539,1304
"1191",2906,466053,526474,1191,1988,122521,343532,227612,298862,1007,1899
"1192",1932,753080,609767,1192,1991,232510,520570,271582,338185,683,1249
"1193",317,568436,296357,1193,1992,167377,401059,106180,190177,142,175
"1194",428,568436,300762,1194,1993,167377,401059,154579,146183,204,224
"1195",964,577844,594027,1195,1994,190832,387012,350062,243965,407,557
"1196",3096,577844,59970,1196,1996,190832,387012,28047,31923,1178,1918
"1197",1745,577844,599138,1197,1998,190832,387012,353902,245236,965,780
"1198",381,0,370475,1198,1999,0,0,145916,224559,153,228
"1199",1778,6511717,845796,1199,2000,3351684,3160033,431794,414002,783,995
"1200",7650,3225759,572445,1200,2002,1348838,1876921,274815,297630,3321,4329
"1201",2992,3225759,1383633,1201,2003,1348838,1876921,919342,464291,1384,1608
"1202",2549,5263511,784162,1202,2007,2461644,2801867,434713,349449,1460,1089
"1203",675,1604904,1061290,1203,2008,955303,649601,492885,568405,342,333
"1204",1660,2646112,918905,1204,2009,1116945,1529167,439350,479555,676,984
"1205",826,6858350,608831,1205,2012,3580452,3277898,263884,344947,395,431
"1206",2691,4417520,868676,1206,2013,1801316,2616204,401571,467105,1404,1287
"1207",3187,1893095,1083747,1207,2015,836662,1056433,492024,591723,1330,1857
"1208",2780,1893095,1226285,1208,2016,836662,1056433,569858,656427,1141,1639
"1209",859,1462220,937113,1209,2020,540355,921865,417454,519659,444,415
"1210",1904,1462220,946245,1210,2024,540355,921865,484286,461959,831,1073
"1211",6631,270459,757960,1211,2025,87877,182582,448361,309599,2911,3720
"1212",752,0,808938,1212,2026,0,0,472561,336377,301,451
"1213",1367,270459,662737,1213,2027,87877,182582,392467,270270,796,571
"1215",2580,7884323,1291425,1215,2032,2827949,5056374,704714,586711,1154,1426
"1216",1641,7884323,970735,1216,2033,2827949,5056374,510477,460258,728,913
"1217",2093,5473474,1032793,1217,2034,1997451,3476023,504461,528332,928,1165
"1218",1058,1909989,550144,1218,2036,713874,1196115,269847,280297,602,456
"1219",1776,223479,96262,1219,2037,111212,112267,52074,44188,952,824
"1220",419,0,119884,1220,2038,0,0,53965,65919,217,202
"1221",260,0,281920,1221,2040,0,0,112630,169290,135,125
"1222",446,724339,487718,1222,2041,227836,496503,202384,285334,244,202
"1223",1094,2410849,255948,1223,2048,830498,1580351,81978,173970,397,697
"1224",4745,3658607,1900534,1224,2050,1506341,2152266,1183265,717269,2457,2288
"1225",1456,4687979,1755936,1225,2054,1889193,2798786,1022226,733710,665,791
"1226",2687,3259382,404323,1226,2056,1305664,1953718,182725,221598,1183,1504
"1227",485,1462220,635963,1227,2057,540355,921865,265048,370915,213,272
"1228",3080,3225759,1957694,1228,2058,1348838,1876921,1209576,748118,1454,1626
"1229",3111,2646112,664936,1229,2059,1116945,1529167,345978,318958,2010,1101
"1230",1968,2410849,427308,1230,2060,830498,1580351,183348,243960,704,1264
"1231",179,0,281920,1231,2061,0,0,112630,169290,113,66
"1232",454,724339,487718,1232,2062,227836,496503,202384,285334,240,214
"1233",2731,7368795,1277702,1233,2063,5407818,1960977,611668,666034,1504,1227
"1234",369,0,556237,1234,2064,0,0,265177,291060,152,217
"1235",1926,1604904,1429187,1235,2065,955303,649601,682261,746926,772,1154
"1236",3019,6858350,618563,1236,2066,3580452,3277898,268258,350305,1353,1666
"1237",2048,2646112,738597,1237,2067,1116945,1529167,374836,363761,1241,807
"1238",199,724339,348492,1238,2068,227836,496503,142793,205699,128,71
"1239",865,758913,845043,1239,2069,294975,463938,471609,373434,456,409
"1240",3030,3225759,1957694,1240,2070,1348838,1876921,1209576,748118,1466,1564
"1241",303,2410849,422641,1241,2071,830498,1580351,163032,259609,176,127
"1242",13643,4493773,2813784,1242,2102,1353760,3140013,1635677,1178107,6092,7551
"1243",2352,1750848,159263,1243,2103,607998,1142850,80570,78693,1096,1256
"1244",2585,5473474,977536,1244,2104,1997451,3476023,495483,482053,784,1801
"1245",1494,1750848,912488,1245,2105,607998,1142850,384528,527960,513,981
"1246",2623,0,836859,1246,2106,0,0,333934,502925,972,1651
"1247",4766,1480028,690839,1247,2107,478641,1001387,246387,444452,1985,2781
"1248",1979,1480028,822499,1248,2108,478641,1001387,464463,358036,924,1055
"1249",3079,5973801,523265,1249,2109,1832401,4141400,229133,294132,1167,1912
"1250",1920,5107502,2629196,1250,2110,2972454,2135048,1541725,1087471,1100,820
"1251",1900,0,2240271,1251,2111,0,0,1158404,1081867,919,981
"1252",1575,1480028,2027826,1252,2112,478641,1001387,1068711,959115,777,798
"1253",3116,6858350,2298122,1253,2113,3580452,3277898,1369001,929121,1744,1372
"1254",2237,5107502,1599333,1254,2115,2972454,2135048,899202,700131,1204,1033
"1255",903,1480028,2036249,1255,2116,478641,1001387,1069029,967220,424,479
"1256",1604,0,1463704,1256,2119,0,0,823565,640139,930,674
"1257",1673,1931057,1020489,1257,2122,744629,1186428,464373,556116,815,858
"1258",480,0,301915,1258,2127,0,0,129555,172360,240,240
"1259",823,0,2146857,1259,2128,0,0,1129360,1017497,418,405
"1260",756,0,90643,1260,2129,0,0,50554,40089,542,214
"1261",556,1931057,83567,1261,2130,744629,1186428,25018,58549,390,166
"1262",2622,4493773,2937299,1262,2135,1353760,3140013,1707156,1230143,1251,1371
"1263",2931,4493773,2941317,1263,2136,1353760,3140013,1708521,1232796,1396,1535
"1264",1083,5973801,616382,1264,2137,1832401,4141400,322368,294014,493,590
"1265",3191,0,1267289,1265,2139,0,0,524564,742725,1499,1692
"1266",3232,5973801,667654,1266,2140,1832401,4141400,265344,402310,1179,2053
"1267",659,0,1103435,1267,2141,0,0,451280,652155,294,365
"1268",914,0,728926,1268,2143,0,0,321835,407091,467,447
"1269",1019,0,841199,1269,2144,0,0,364043,477156,462,557
"1270",1140,1480028,1159195,1270,2145,478641,1001387,599531,559664,447,693
"1271",1588,1931057,940449,1271,2148,744629,1186428,421009,519440,718,870
"1273",1502,6858350,741471,1273,2156,3580452,3277898,334112,407359,644,858
"1275",798,1931057,675384,1275,2159,744629,1186428,264984,410400,385,413
"1276",798,1480028,1546983,1276,2160,478641,1001387,787481,759502,524,274
"1277",1142,5973801,2840493,1277,2164,1832401,4141400,1649082,1191411,517,625
"1278",460,1931057,854795,1278,2165,744629,1186428,408113,446682,233,227
"1279",765,1931057,854795,1279,2167,744629,1186428,408113,446682,350,415
"1280",2094,1480028,739017,1280,2169,478641,1001387,415210,323807,935,1159
"1281",1230,1750848,670457,1281,2170,607998,1142850,287594,382863,519,711
"1282",2265,1480028,2261035,1282,2171,478641,1001387,1177518,1083517,1223,1042
"1283",1082,0,509232,1283,2172,0,0,298809,210423,799,283
"1284",6681,4493773,1465883,1284,2173,1353760,3140013,919885,545998,3701,2980
"1285",1349,4493773,1863351,1285,2174,1353760,3140013,1198316,665035,736,613
"1286",698,4493773,2874902,1286,2175,1353760,3140013,1634216,1240686,298,400
"1287",3297,1750848,595386,1287,2176,607998,1142850,332704,262682,1374,1923
"1288",7967,1750848,607758,1288,2177,607998,1142850,338099,269659,4253,3714
"1289",1191,0,351885,1289,2178,0,0,267553,84332,892,299
"1290",1517,1480028,862706,1290,2179,478641,1001387,510644,352062,735,782
"1291",1673,4493773,2664211,1291,2180,1353760,3140013,1613242,1050969,646,1027
"1292",8199,0,1212833,1292,2183,0,0,494635,718198,3777,4422
"1293",313,1480028,678070,1293,2184,478641,1001387,249175,428895,140,173
"1294",296,0,722890,1294,2185,0,0,339271,383619,131,165
"1295",373,0,17347,1295,2201,0,0,6368,10979,216,157
"1296",3354,0,47416,1296,2202,0,0,14980,32436,2231,1123
"1297",302,0,57244,1297,2203,0,0,20588,36656,201,101
"1298",1266,0,138193,1298,2205,0,0,60645,77548,396,870
"1299",2234,0,137323,1299,2206,0,0,60406,76917,771,1463
"1300",325,0,76235,1300,2207,0,0,40667,35568,211,114
"1301",991,9245506,415899,1301,2210,5132750,4112756,214636,201263,547,444
"1302",1872,7086987,269085,1302,2211,3712116,3374871,154338,114747,1004,868
"1303",1007,11377500,124201,1303,2212,6491249,4886251,63920,60281,508,499
"1304",2995,6665056,879092,1304,2213,3471858,3193198,464624,414468,1725,1270
"1305",2932,6888535,394684,1305,2214,3583070,3305465,192385,202299,1377,1555
"1306",1660,6888535,532806,1306,2215,3583070,3305465,281422,251384,880,780
"1307",5226,7277580,197355,1307,2217,3781502,3496078,98013,99342,2167,3059
"1308",15424,7489715,1455213,1308,2219,3890969,3598746,799260,655953,7302,8122
"1309",4923,435614,538860,1309,2220,220679,214935,256316,282544,2326,2597
"1310",2523,2781070,522067,1310,2221,1836041,945029,255342,266725,1264,1259
"1311",4274,7159984,1179472,1311,2222,2600113,4559871,572454,607018,1609,2665
"1312",923,5473474,417327,1312,2223,1997451,3476023,181777,235550,399,524
"1313",549,1527589,83258,1313,2225,970616,556973,41241,42017,409,140
"1314",783,1527589,128547,1314,2226,970616,556973,78383,50164,710,73
"1315",2204,4467580,512700,1315,2227,2438703,2028877,251491,261209,1137,1067
"1316",2786,2939991,1028497,1316,2228,1468087,1471904,527256,501241,1456,1330
"1317",652,2939991,1226376,1317,2229,1468087,1471904,681047,545329,335,317
"1318",3980,2939991,1267450,1318,2230,1468087,1471904,694414,573036,1670,2310
"1319",5934,10743434,2259650,1319,2231,6141524,4601910,1173579,1086071,3378,2556
"1320",1398,8056780,309792,1320,2233,4746159,3310621,165156,144636,541,857
"1321",1635,1527589,607733,1321,2235,970616,556973,351033,256700,1074,561
"1322",2526,0,772620,1322,2237,0,0,436645,335975,1705,821
"1323",1843,1847071,377703,1323,2239,1400878,446193,189156,188547,998,845
"1324",906,1028118,1095688,1324,2241,757814,270304,495239,600449,559,347
"1325",3697,0,2065726,1325,2242,0,0,956433,1109293,1933,1764
"1326",3049,0,2080616,1326,2243,0,0,963571,1117045,1645,1404
"1327",3641,0,783527,1327,2244,0,0,370322,413205,2200,1441
"1328",1838,0,180872,1328,2245,0,0,118862,62010,1004,834
"1329",1865,0,316462,1329,2246,0,0,203355,113107,1525,340
"1330",3283,0,218606,1330,2247,0,0,106514,112092,1271,2012
"1331",1086,0,167828,1331,2248,0,0,71901,95927,275,811
"1332",488,0,115665,1332,2249,0,0,39675,75990,145,343
"1333",1655,0,122176,1333,2250,0,0,44251,77925,498,1157
"1334",2466,0,351197,1334,2251,0,0,223873,127324,1586,880
"1335",3315,0,105857,1335,2252,0,0,81852,24005,2373,942
"1336",6857,0,521373,1336,2255,0,0,321358,200015,3855,3002
"1337",1409,0,407523,1337,2256,0,0,257479,150044,1018,391
"1338",572,0,351107,1338,2257,0,0,293019,58088,484,88
"1339",943,0,377816,1339,2258,0,0,219852,157964,591,352
"1340",2097,5481544,196508,1340,2259,3498015,1983529,87365,109143,954,1143
"1341",6462,3726275,170728,1341,2262,2238659,1487616,72355,98373,2800,3662
"1342",1910,0,224716,1342,2263,0,0,136746,87970,1003,907
"1343",3902,2939991,1164433,1343,2264,1468087,1471904,646647,517786,1618,2284
"1344",2750,1909989,595460,1344,2265,713874,1196115,286582,308878,1543,1207
"1345",2430,1847071,330536,1345,2266,1400878,446193,159733,170803,1516,914
"1346",2029,12711360,2074323,1346,2268,7492772,5218588,973212,1101111,1021,1008
"1347",717,5694201,577137,1347,2269,3589907,2104294,275834,301303,450,267
"1348",605,0,53746,1348,2270,0,0,20014,33732,309,296
"1349",1807,2781070,363852,1349,2271,1836041,945029,166724,197128,743,1064
"1350",912,1847071,519450,1350,2272,1400878,446193,313874,205576,673,239
"1351",1973,0,783527,1351,2273,0,0,370322,413205,1233,740
"1352",3287,0,515243,1352,2274,0,0,319276,195967,1701,1586
"1353",123,0,116174,1353,2275,0,0,83329,32845,90,33
"1354",2205,0,478197,1354,2276,0,0,295154,183043,1303,902
"1355",1802,5481544,585603,1355,2277,3498015,1983529,274847,310756,1084,718
"1356",3773,1847071,360355,1356,2279,1400878,446193,185125,175230,1901,1872
"1357",1670,1847071,740193,1357,2280,1400878,446193,431622,308571,941,729
"1358",1069,5473474,910478,1358,2281,1997451,3476023,459766,450712,412,657
"1359",921,1527589,236903,1359,2282,970616,556973,136484,100419,826,95
"1360",536,4467580,357159,1360,2283,2438703,2028877,160050,197109,421,115
"1361",676,88187,50233,1361,2284,58312,29875,30421,19812,615,61
"1362",1092,0,69298,1362,2285,0,0,25183,44115,290,802
"1363",41,0,80437,1363,2286,0,0,26464,53973,31,10
"1364",93,0,98448,1364,2287,0,0,59625,38823,70,23
"1365",60,0,84355,1365,2288,0,0,41167,43188,43,17
"1366",279,88187,50233,1366,2289,58312,29875,30421,19812,220,59
"1367",1977,6665056,281522,1367,2290,3471858,3193198,174813,106709,1186,791
"1368",1039,8056780,739420,1368,2292,4746159,3310621,435615,303805,659,380
"1369",2083,1028118,1941772,1369,2293,757814,270304,896812,1044960,1124,959
"1370",2543,0,818914,1370,2294,0,0,523543,295371,1390,1153
"1371",1431,1847071,738029,1371,2297,1400878,446193,431174,306855,921,510
"1372",1212,12711360,1964625,1372,2298,7492772,5218588,928229,1036396,561,651
"1373",1709,0,660189,1373,2299,0,0,366498,293691,993,716
"1374",6186,5544092,413006,1374,2301,3595373,1948719,237368,175638,3024,3162
"1375",3971,13470643,1632147,1375,2302,8066580,5404063,735173,896974,1705,2266
"1376",2700,10561258,1476016,1376,2303,6879482,3681776,693706,782310,1377,1323
"1377",634,6548135,327033,1377,2304,5206458,1341677,183754,143279,508,126
"1378",1805,8435612,684700,1378,2305,6276368,2159244,464439,220261,1427,378
"1379",5172,2642476,900185,1379,2306,1775825,866651,509140,391045,2533,2639
"1380",3691,4077504,765436,1380,2307,2733265,1344239,449533,315903,1897,1794
"1381",2401,4077504,970560,1381,2308,2733265,1344239,545869,424691,1249,1152
"1382",766,4417512,481774,1382,2309,3410809,1006703,223789,257985,578,188
"1383",1416,3612733,747430,1383,2310,2606333,1006400,482602,264828,807,609
"1384",528,5309733,628723,1384,2311,4097352,1212381,278675,350048,401,127
"1385",1325,3683657,708920,1385,2312,2870095,813562,256760,452160,713,612
"1386",2576,1701284,560335,1386,2313,1358912,342372,403678,156657,1575,1001
"1387",1699,3145134,423779,1387,2314,2467091,678043,131231,292548,801,898
"1388",4173,3683657,1114635,1388,2315,2870095,813562,705761,408874,2301,1872
"1389",4152,3362168,1410670,1389,2316,2013776,1348392,917359,493311,3025,1127
"1390",2265,2823645,66545,1390,2317,1610772,1212873,51159,15386,1469,796
"1391",2126,3683657,649554,1391,2318,2870095,813562,337108,312446,1467,659
"1392",1809,7651800,727760,1392,2319,6014152,1637648,476875,250885,1431,378
"1393",2069,2932492,396953,1393,2320,1646099,1286393,208398,188555,1010,1059
"1394",1650,1974219,250785,1394,2321,1023567,950652,118307,132478,821,829
"1395",2116,2823645,1514814,1395,2322,1610772,1212873,963631,551183,1435,681
"1396",1149,910485,449209,1396,2323,474826,435659,266421,182788,934,215
"1397",2287,910485,503731,1397,2324,474826,435659,296404,207327,1168,1119
"1398",2053,2629916,784094,1398,2325,1492972,1136944,411003,373091,1005,1048
"1399",740,7425422,582789,1399,2326,5426322,1999100,324781,258008,398,342
"1400",3185,8056780,1349751,1400,2327,4746159,3310621,838324,511427,2080,1105
"1401",1376,12284412,336113,1401,2328,9746533,2537879,220600,115513,961,415
"1402",751,12284412,435760,1402,2329,9746533,2537879,290860,144900,513,238
"1403",1877,5453076,555482,1403,2330,4338023,1115053,379931,175551,1102,775
"1404",1778,11101726,368126,1404,2331,8639154,2462572,235970,132156,1224,554
"1405",3311,8107512,702492,1405,2332,6148492,1959020,365085,337407,1770,1541
"1406",2897,0,2075909,1406,2333,0,0,962685,1113224,1697,1200
"1407",598,2909380,456355,1407,2334,1883409,1025971,279204,177151,403,195
"1408",3339,1902039,362881,1408,2335,1327433,574606,142240,220641,1645,1694
"1409",819,2909380,484132,1409,2336,1883409,1025971,251557,232575,403,416
"1410",559,1974219,199906,1410,2337,1023567,950652,83362,116544,242,317
"1411",816,1997870,129606,1411,2339,1381034,616836,64876,64730,382,434
"1412",3956,0,757811,1412,2340,0,0,499979,257832,2378,1578
"1413",649,477248,277328,1413,2341,219207,258041,134317,143011,382,267
"1414",3364,1018820,264315,1414,2342,556664,462156,116007,148308,1668,1696
"1415",217,0,159478,1415,2343,0,0,77518,81960,135,82
"1416",1066,0,235417,1416,2344,0,0,107307,128110,509,557
"1417",1270,4358108,880704,1417,2347,3543103,815005,500337,380367,1147,123
"1418",6700,7651800,726124,1418,2348,6014152,1637648,529149,196975,5882,818
"1419",1120,10853668,637350,1419,2349,8656986,2196682,322602,314748,674,446
"1420",791,2909380,528723,1420,2350,1883409,1025971,262820,265903,352,439
"1421",422,477248,244221,1421,2351,219207,258041,120822,123399,187,235
"1422",878,4358108,533244,1422,2352,3543103,815005,290141,243103,783,95
"1423",1772,5788852,558229,1423,2353,4632650,1156202,238345,319884,990,782
"1424",736,3683657,708920,1424,2354,2870095,813562,256760,452160,310,426
"1425",4808,1982373,1435328,1425,2355,1511183,471190,931950,503378,2878,1930
"1426",1034,5848256,505624,1426,2356,4500356,1347900,232909,272715,667,367
"1427",1033,10853668,451194,1427,2357,8656986,2196682,299854,151340,807,226
"1428",704,1123949,143872,1428,2358,811415,312534,67556,76316,271,433
"1429",1399,0,747865,1429,2359,0,0,463354,284511,734,665
"1430",2150,5453076,585042,1430,2360,4338023,1115053,397426,187616,1225,925
"1431",2117,2642476,900185,1431,2361,1775825,866651,509140,391045,1157,960
"1432",1920,6837288,959112,1432,2362,4973114,1864174,492748,466364,1082,838
"1433",1199,7724495,523109,1433,2363,5489583,2234912,313409,209700,795,404
"1434",1426,7000584,601981,1434,2364,5318928,1681656,398431,203550,1026,400
"1435",2216,6255209,747043,1435,2365,4382158,1873051,512894,234149,1505,711
"1436",820,1028118,487962,1436,2368,757814,270304,310226,177736,514,306
"1437",2027,6207950,924317,1437,2369,4905973,1301977,573181,351136,1236,791
"1438",2224,8299343,775918,1438,2370,5995941,2303402,349908,426010,1029,1195
"1439",741,6548135,576222,1439,2371,5206458,1341677,283132,293090,616,125
"1440",2433,3291121,549865,1440,2372,1855048,1436073,282351,267514,1155,1278
"1441",1636,2283780,276317,1441,2373,1299072,984708,131382,144935,657,979
"1442",1135,2399720,868511,1442,2375,1251244,1148476,541470,327041,699,436
"1443",830,2399720,868511,1443,2376,1251244,1148476,541470,327041,425,405
"1444",4863,2399720,869009,1444,2377,1251244,1148476,539538,329471,2661,2202
"1445",1386,11517683,129796,1445,2380,9003325,2514358,66676,63120,847,539
"1446",1048,11482042,319121,1446,2381,8533139,2948903,181169,137952,559,489
"1447",899,6676768,674848,1447,2382,5058945,1617823,315629,359219,451,448
"1448",437,0,148644,1448,2383,0,0,65102,83542,228,209
"1449",3055,0,348272,1449,2384,0,0,149120,199152,1102,1953
"1450",2149,7596571,495925,1450,2385,5546922,2049649,226124,269801,1356,793
"1452",1602,0,166458,1452,2387,0,0,57956,108502,567,1035
"1453",657,7292106,503143,1453,2388,5608535,1683571,226292,276851,425,232
"1454",496,1248028,246452,1454,2389,622004,626024,118088,128364,187,309
"1455",514,302576,153834,1455,2390,153127,149449,78987,74847,199,315
"1456",76,0,42723,1456,2391,0,0,13434,29289,42,34
"1457",300,0,96985,1457,2392,0,0,43971,53014,206,94
"1458",208,0,383252,1458,2393,0,0,219361,163891,143,65
"1459",16,95831,150017,1459,2394,53601,42230,70284,79733,11,5
"1460",134,95831,133315,1460,2395,53601,42230,60099,73216,60,74
"1461",1435,1997870,292929,1461,2396,1381034,616836,112198,180731,886,549
"1462",1012,14464815,360349,1462,2398,11640743,2824072,189341,171008,642,370
"1463",429,1137439,292967,1463,2401,566922,570517,161618,131349,171,258
"1464",134,1225565,176196,1464,2403,656190,569375,70596,105600,89,45
"1465",1199,1974219,202755,1465,2404,1023567,950652,86045,116710,572,627
"1466",1748,5861362,448497,1466,2405,4518988,1342374,197925,250572,995,753
"1467",769,6837288,1105216,1467,2406,4973114,1864174,592813,512403,537,232
"1468",3902,15168392,2165708,1468,2407,9721733,5446659,1115360,1050348,2100,1802
"1469",1148,0,64506,1469,2408,0,0,19396,45110,324,824
"1470",2011,8056780,1843196,1470,2409,4746159,3310621,1099658,743538,1121,890
"1471",1280,15927675,759159,1471,2410,10295541,5632134,361183,397976,752,528
"1472",996,0,68937,1472,2411,0,0,25768,43169,409,587
"1473",1653,1137439,257477,1473,2412,566922,570517,129372,128105,789,864
"1474",1582,0,48037,1474,2501,0,0,15224,32813,479,1103
"1475",1022,1847071,414047,1475,2502,1400878,446193,192649,221398,661,361
"1476",1726,13132769,1568620,1476,2503,7750605,5382164,671583,897037,782,944
"1477",1624,5060135,1075905,1477,2504,3240182,1819953,545216,530689,902,722
"1478",3173,8056780,1913249,1478,2505,4746159,3310621,1123542,789707,1738,1435
"1479",635,8254544,293233,1479,2506,3833492,4421052,113876,179357,452,183
"1480",2685,1028118,1036874,1480,2508,757814,270304,422902,613972,1531,1154
"1481",1469,435614,515661,1481,2509,220679,214935,265211,250450,1061,408
"1482",485,0,301137,1482,2510,0,0,192303,108834,340,145
"1483",1249,7884323,1137050,1483,2511,2827949,5056374,600311,536739,587,662
"1484",4284,980684,186004,1484,2601,401059,579625,85672,100332,1857,2427
"1485",1452,3260253,610651,1485,2603,2197696,1062557,360079,250572,690,762
"1486",2011,789663,71542,1486,2604,361870,427793,28368,43174,806,1205
"1487",1060,2135053,157066,1487,2605,1069646,1065407,81839,75227,698,362
"1488",1268,0,124866,1488,2606,0,0,46079,78787,540,728
"1489",1459,2135053,157066,1489,2607,1069646,1065407,81839,75227,688,771
"1490",3885,1982486,834190,1490,2608,858185,1124301,456776,377414,2573,1312
"1491",185,644601,157310,1491,2609,265121,379480,83011,74299,118,67
"1492",2633,980684,646344,1492,2610,401059,579625,294523,351821,1270,1363
"1493",2249,789663,26777,1493,2611,361870,427793,10743,16034,815,1434
"1494",332,3784229,48904,1494,2612,1994477,1789752,24377,24527,210,122
"1495",4909,1794837,0,1495,2613,603013,1191824,0,0,2078,2831
"1496",1825,2782843,237896,1496,2614,1265028,1517815,93700,144196,838,987
"1497",4346,3808239,455313,1497,2615,2505287,1302952,298945,156368,3259,1087
"1498",649,912122,426873,1498,2616,366668,545454,200133,226740,271,378
"1499",1884,912122,510100,1499,2617,366668,545454,239196,270904,862,1022
"1500",2093,1794837,447568,1500,2618,603013,1191824,197145,250423,829,1264
"1501",6421,980684,388629,1501,2619,401059,579625,165705,222924,2629,3792
"1502",6978,980684,412909,1502,2620,401059,579625,190423,222486,2977,4001
"1503",6229,0,169367,1503,2621,0,0,82644,86723,3237,2992
"1504",7342,540652,188133,1504,2622,262763,277889,94534,93599,3749,3593
"1505",13440,2046217,158456,1505,2701,1088915,957302,85658,72798,7082,6358
"1506",939,1789563,202995,1506,2702,910075,879488,89145,113850,450,489
"1507",1763,6574669,362654,1507,2801,3954332,2620337,248050,114604,1528,235
"1508",596,2503400,927178,1508,3100,1288203,1215197,419900,507278,280,316
"1509",1361,0,597886,1509,3101,0,0,303917,293969,797,564
"1510",2266,0,534593,1510,3102,0,0,272783,261810,977,1289
"1511",1389,1443939,1351147,1511,3103,501668,942271,729798,621349,608,781
"1512",1342,2503400,912463,1512,3104,1288203,1215197,422824,489639,603,739
"1513",497,797990,282088,1513,3105,261372,536618,117562,164526,331,166
"1514",2832,0,427309,1514,3106,0,0,178052,249257,1086,1746
"1515",838,0,520627,1515,3107,0,0,280242,240385,386,452
"1516",3909,0,672830,1516,3500,0,0,310592,362238,2032,1877
"1517",3795,0,647571,1517,3501,0,0,350048,297523,2022,1773
"1518",1529,950943,309067,1518,3502,309189,641754,148739,160328,682,847
"1519",486,0,58191,1519,3503,0,0,33875,24316,422,64
"1520",3012,4845212,152921,1520,3504,1826607,3018605,71642,81279,1358,1654
"1521",2109,5480636,541740,1521,3505,2061318,3419318,289135,252605,1001,1108
"1522",2479,8436829,313454,1522,3506,4391566,4045263,145747,167707,1376,1103
"1523",1423,4845212,177991,1523,3507,1826607,3018605,70570,107421,798,625
"1524",4706,4845212,498438,1524,3508,1826607,3018605,280069,218369,2342,2364
"1525",4805,0,336176,1525,3509,0,0,155391,180785,2213,2592
"1526",936,950943,203244,1526,3510,309189,641754,89371,113873,323,613
"1527",5685,1348990,346749,1527,3511,645169,703821,119410,227339,2231,3454
"1528",3445,1520847,578168,1528,3513,539721,981126,275713,302455,1876,1569
"1529",3256,3702618,714603,1529,3514,1963733,1738885,374833,339770,1455,1801
"1530",6458,2487035,185517,1530,3515,1690439,796596,113824,71693,2992,3466
"1531",1530,0,107126,1531,3516,0,0,44655,62471,719,811
"1532",2789,589631,315659,1532,3517,202610,387021,143245,172414,1072,1717
"1533",6360,0,705859,1533,3518,0,0,329056,376803,3073,3287
"1534",4395,1832502,434024,1534,3519,703295,1129207,291505,142519,1999,2396
"1535",3657,0,527119,1535,3520,0,0,266952,260167,1720,1937
"1536",483,0,77773,1536,3521,0,0,33829,43944,156,327
"1537",2372,2543728,50549,1537,3522,1169027,1374701,25695,24854,1075,1297
"1538",1605,4845212,430265,1538,3523,1826607,3018605,218963,211302,1119,486
"1539",756,0,488567,1539,3524,0,0,226918,261649,493,263
"1540",1724,1326388,393916,1540,3525,437155,889233,174097,219819,663,1061
"1541",84,4135625,680814,1541,3527,1828642,2306983,304912,375902,71,13
"1542",2287,0,47285,1542,3528,0,0,29048,18237,1427,860
"1543",2023,0,460622,1543,3529,0,0,211558,249064,1113,910
"1544",481,3568462,342562,1544,3530,1500704,2067758,126702,215860,132,349
"1545",168,985534,587258,1545,3531,279896,705638,257465,329793,140,28
"1546",410,3568462,484511,1546,3532,1500704,2067758,192793,291718,133,277
"1547",13134,5480636,946179,1547,3533,2061318,3419318,515314,430865,6193,6941
"1548",6211,5480636,842692,1548,3534,2061318,3419318,451916,390776,2796,3415
"1549",2781,589631,266356,1549,3535,202610,387021,115878,150478,1023,1758
"1550",3004,0,546147,1550,3536,0,0,209576,336571,1209,1795
"1551",920,0,355935,1551,3537,0,0,145863,210072,481,439
"1552",1482,3303917,130658,1552,3538,2193718,1110199,68470,62188,1024,458
"1553",204,0,4360,1553,3539,0,0,2694,1666,98,106
"1554",6997,0,331053,1554,3541,0,0,136468,194585,3266,3731
"1555",2246,0,331053,1555,3542,0,0,136468,194585,954,1292
