"","cyl","sub","bus","X","ID","sub_r","sub_a","bus_r","bus_a","borrow","return"
"3",619,1907803,79186,3,101,1140057,767746,57908,21278,537,82
"4",898,1907803,261126,4,102,1140057,767746,143300,117826,430,468
"5",602,1907803,288191,5,103,1140057,767746,141086,147105,288,314
"6",963,2119508,488100,6,104,1267506,852002,180138,307962,261,702
"7",216,2119508,482980,7,105,1267506,852002,172449,310531,95,121
"8",666,2119508,457214,8,106,1267506,852002,166347,290867,336,330
"9",1245,3556820,806777,9,107,2186151,1370669,327285,479492,463,782
"10",325,3768525,304368,10,108,2313600,1454925,96729,207639,92,233
"11",437,1664997,70856,11,109,916783,748214,33726,37130,236,201
"12",489,281688,458318,12,110,238348,43340,281670,176648,352,137
"13",282,1664997,49352,13,111,916783,748214,32376,16976,125,157
"14",351,3314014,71020,14,112,1962877,1351137,44670,26350,125,226
"15",6261,1649017,965081,15,113,1046094,602923,372524,592557,958,5303
"16",596,1649017,998587,16,114,1046094,602923,395021,603566,192,404
"17",620,2673111,1061705,17,115,1526991,1146120,450574,611131,222,398
"18",1004,1649017,560954,18,116,1046094,602923,333085,227869,802,202
"19",1245,953996,1100870,19,117,797440,156556,467385,633485,726,519
"20",647,1317822,278279,20,118,639612,678210,207610,70669,290,357
"21",612,293728,206967,21,119,158715,135013,162307,44660,390,222
"22",403,82023,257624,22,120,31266,50757,206530,51094,296,107
"23",559,1317822,367402,23,121,639612,678210,251426,115976,360,199
"24",694,1106117,297877,24,122,512163,593954,192825,105052,553,141
"25",1669,953996,510357,25,123,797440,156556,387878,122479,1418,251
"26",604,1106117,627049,26,124,512163,593954,320414,306635,406,198
"27",294,1106117,279963,27,125,512163,593954,160893,119070,128,166
"28",1314,3101235,337118,28,126,1393576,1707659,175580,161538,462,852
"29",166,1560712,877971,29,127,735683,825029,374890,503081,91,75
"30",1612,3209729,987398,30,128,1781777,1427952,413902,573496,382,1230
"31",628,1560712,802003,31,129,735683,825029,342544,459459,183,445
"32",534,3209729,816759,32,130,1781777,1427952,348101,468658,209,325
"33",1170,0,395301,33,131,0,0,278630,116671,773,397
"35",1113,1449867,377742,35,133,786583,663284,265868,111874,779,334
"36",241,1560712,1267811,36,134,735683,825029,488406,779405,91,150
"37",219,1560712,886305,37,135,735683,825029,361337,524968,102,117
"38",132,1560712,644103,38,136,735683,825029,319284,324819,118,14
"39",181,1560712,446127,39,137,735683,825029,209350,236777,127,54
"40",307,2755134,1146883,40,138,1558257,1196877,471306,675577,197,110
"41",540,2755134,901840,41,139,1558257,1196877,346874,554966,471,69
"42",705,1478689,824283,42,140,704417,774272,285984,538299,100,605
"43",452,2673111,733292,43,141,1526991,1146120,368923,364369,212,240
"44",638,1304069,584746,44,142,800389,503680,345463,239283,456,182
"45",899,2120443,812705,45,143,978632,1141811,431824,380881,261,638
"46",1454,2120443,738808,46,144,978632,1141811,404105,334703,917,537
"47",577,2120443,786939,47,145,978632,1141811,432014,354925,262,315
"48",1269,2120443,421171,48,146,978632,1141811,238349,182822,496,773
"49",1277,2120443,420350,49,147,978632,1141811,239926,180424,684,593
"50",1680,2120443,469629,50,148,978632,1141811,265669,203960,1344,336
"51",742,2755134,776970,51,150,1558257,1196877,349306,427664,476,266
"52",495,1143815,343835,52,151,858243,285572,248617,95218,354,141
"53",1603,689304,192206,53,152,507520,181784,172458,19748,1188,415
"54",532,1425503,218143,54,153,1096591,328912,160574,57569,338,194
"55",711,1143815,264865,55,154,858243,285572,179202,85663,364,347
"56",1594,281688,576204,56,155,238348,43340,344491,231713,1061,533
"57",557,2389997,433746,57,156,1234762,1155235,310957,122789,367,190
"58",1039,849474,428931,58,157,576869,272605,287141,141790,799,240
"59",834,1276569,722188,59,158,433164,843405,422227,299961,706,128
"60",364,2328163,452813,60,159,1281286,1046877,234023,218790,338,26
"61",641,849474,637558,61,160,576869,272605,335220,302338,493,148
"62",307,1182730,247483,62,161,987884,194846,194147,53336,265,42
"63",799,454595,290999,63,162,223520,231075,79818,211181,582,217
"64",299,0,501825,64,163,0,0,301148,200677,187,112
"65",715,1731555,556810,65,164,1024931,706624,421570,135240,597,118
"66",1708,281688,397867,66,165,238348,43340,313775,84092,1583,125
"67",2208,281688,354950,67,166,238348,43340,306874,48076,2024,184
"68",596,0,403915,68,167,0,0,337025,66890,586,10
"69",409,1731555,363464,69,169,1024931,706624,281271,82193,193,216
"70",1231,281688,432587,70,170,238348,43340,354173,78414,1103,128
"71",521,2647607,851549,71,171,383061,2264546,227483,624066,171,350
"73",611,2647607,938022,73,173,383061,2264546,262242,675780,303,308
"75",1845,0,340699,75,175,0,0,248305,92394,1300,545
"76",944,0,629627,76,176,0,0,395947,233680,663,281
"77",524,1449867,421203,77,177,786583,663284,329852,91351,487,37
"78",744,1537578,358921,78,178,817613,719965,218817,140104,641,103
"79",2074,281688,593129,79,179,238348,43340,362546,230583,624,1450
"80",876,1715202,384959,80,180,791497,923705,176753,208206,801,75
"81",50,1907803,110944,81,181,1140057,767746,93110,17834,33,17
"82",591,1907803,127910,82,182,1140057,767746,108676,19234,446,145
"83",2629,281688,341054,83,183,238348,43340,202491,138563,1986,643
"84",668,1143815,256204,84,184,858243,285572,158185,98019,451,217
"85",1487,0,90051,85,185,0,0,77724,12327,1327,160
"86",608,689304,234402,86,186,507520,181784,129594,104808,157,451
"87",852,953996,413732,87,188,797440,156556,289478,124254,665,187
"88",492,1449867,500544,88,191,786583,663284,416227,84317,437,55
"89",933,281688,213709,89,192,238348,43340,183594,30115,807,126
"90",1832,1537578,831951,90,194,817613,719965,432353,399598,646,1186
"91",534,281688,477427,91,195,238348,43340,294408,183019,388,146
"92",327,1930705,501572,92,196,1284442,646263,296803,204769,237,90
"93",746,1356371,713387,93,198,549019,807352,249549,463838,663,83
"94",330,689304,107547,94,199,507520,181784,40949,66598,208,122
"95",980,573140,127282,95,200,50729,522411,34594,92688,25,955
"96",1184,573140,339393,96,201,50729,522411,64692,274701,451,733
"97",2440,4140336,592064,97,202,357622,3782714,131789,460275,430,2010
"98",1314,3699503,203398,98,203,287035,3412468,40681,162717,405,909
"99",1225,3699503,194009,99,204,287035,3412468,40323,153686,275,950
"100",1154,3699503,548357,100,205,287035,3412468,138800,409557,140,1014
"101",1502,4401444,314131,101,206,726604,3674840,63810,250321,201,1301
"102",4892,3567196,271307,102,207,306893,3260303,109136,162171,2722,2170
"103",2303,4346262,971989,103,209,410871,3935391,270277,701712,90,2213
"104",4513,4140336,690784,104,210,357622,3782714,145316,545468,882,3631
"105",3363,5906890,1118162,105,211,1266249,4640641,304566,813596,1771,1592
"106",2027,5466057,1104080,106,212,1195662,4270395,312469,791611,1207,820
"107",2937,4607370,198887,107,213,779853,3827517,35714,163173,729,2208
"108",1060,4607370,930982,108,214,779853,3827517,286234,644748,149,911
"109",724,440833,283271,109,215,70587,370246,143615,139656,210,514
"110",1620,3773122,472751,110,216,360142,3412980,193765,278986,830,790
"111",4322,3773122,639018,111,217,360142,3412980,165541,473477,573,3749
"112",1318,3773122,742546,112,218,360142,3412980,276419,466127,414,904
"113",923,5333750,794029,113,219,1215520,4118230,220527,573502,247,676
"114",1164,4892917,740148,114,220,1144933,3747984,214952,525196,398,766
"115",1463,440833,296728,115,221,70587,370246,92697,204031,1063,400
"116",4454,2548600,325718,116,222,1129828,1418772,111974,213744,1574,2880
"117",1213,6533650,469740,117,223,1781943,4751707,160110,309630,828,385
"118",1248,4631809,638039,118,224,775951,3855858,170890,467149,747,501
"119",1101,4190976,433583,119,225,705364,3485612,128337,305246,702,399
"120",1300,4892917,514634,120,226,1144933,3747984,191647,322987,591,709
"121",796,615755,150768,121,227,454318,161437,86819,63949,572,224
"122",997,2217119,248379,122,228,1513812,703307,101601,146778,509,488
"123",750,2217119,257086,123,229,1513812,703307,116735,140351,318,432
"124",2821,2982661,362066,124,230,1813208,1169453,160963,201103,1206,1615
"125",865,2597564,283229,125,231,1585902,1011662,121678,161551,683,182
"126",2148,1650784,228131,126,232,1033174,617610,127295,100836,1443,705
"127",458,1650784,104036,127,233,1033174,617610,61013,43023,144,314
"128",1078,593547,422041,128,234,452383,141164,214598,207443,678,400
"129",484,593547,323591,129,235,452383,141164,193165,130426,378,106
"130",622,4636296,310568,130,236,3140761,1495535,81291,229277,255,367
"131",1279,1084751,463704,131,237,700743,384008,320451,143253,929,350
"132",2406,3366336,275681,132,238,2157436,1208900,183526,92155,1458,948
"133",770,3366336,308784,133,239,2157436,1208900,189090,119694,439,331
"134",1190,2438897,435706,134,240,1416659,1022238,145910,289796,450,740
"135",1595,2582496,595983,135,241,1951408,631088,474590,121393,1365,230
"136",715,2048641,406401,136,242,964286,1084355,285612,120789,649,66
"137",636,1650784,152746,137,243,1033174,617610,50712,102034,301,335
"138",1056,2259316,446355,138,244,1520811,738505,241912,204443,812,244
"139",1815,3366336,251637,139,245,2157436,1208900,126027,125610,908,907
"140",2819,2217119,741364,140,247,1513812,703307,291824,449540,1189,1630
"141",726,1013973,240950,141,248,121316,892657,35070,205880,267,459
"142",225,440833,114915,142,249,70587,370246,50874,64041,124,101
"143",726,2172572,639421,143,250,1312466,860106,394506,244915,621,105
"144",1180,1313885,416357,144,251,896657,417228,258032,158325,937,243
"145",1361,1907432,652863,145,252,1349040,558392,359062,293801,813,548
"146",1047,1084751,426277,146,253,700743,384008,209649,216628,722,325
"147",697,593547,330930,147,254,452383,141164,257957,72973,577,120
"148",918,2582496,516687,148,255,1951408,631088,430068,86619,736,182
"149",861,3929196,389830,149,256,2476125,1453071,317947,71883,635,226
"150",2289,4892917,696878,150,257,1144933,3747984,348648,348230,1901,388
"151",1638,5560101,417142,151,258,1427898,4132203,165102,252040,1390,248
"152",5237,4892917,887571,152,259,1144933,3747984,506734,380837,4578,659
"153",243,2447359,0,153,260,1344234,1103125,0,0,52,191
"154",1596,2692962,539989,154,262,1622683,1070279,282117,257872,781,815
"155",1159,4168438,246472,155,263,2937466,1230972,176026,70446,861,298
"156",1017,2597564,532587,156,264,1585902,1011662,219746,312841,468,549
"157",555,2438897,492271,157,265,1416659,1022238,165461,326810,321,234
"158",648,3785597,439947,158,266,1941376,1844221,174801,265146,205,443
"159",630,2217119,663403,159,267,1513812,703307,256908,406495,413,217
"160",783,2217119,776599,160,268,1513812,703307,303453,473146,340,443
"161",865,3773122,1161123,161,270,360142,3412980,308527,852596,126,739
"162",251,4892917,942116,162,271,1144933,3747984,270044,672072,156,95
"163",1623,2217119,696634,163,272,1513812,703307,263652,432982,794,829
"164",2493,2433738,667079,164,274,1191592,1242146,294964,372115,1559,934
"165",1641,2692962,363768,165,275,1622683,1070279,247734,116034,1246,395
"166",1102,2433738,410603,166,276,1191592,1242146,160481,250122,916,186
"167",566,3785597,860333,167,277,1941376,1844221,383282,477051,286,280
"168",574,2582496,858090,168,278,1951408,631088,365741,492349,435,139
"169",931,1346700,515946,169,279,524717,821983,236908,279038,738,193
"170",2403,3324139,190690,170,280,2150437,1173702,116099,74591,1693,710
"171",508,0,461544,171,281,0,0,222164,239380,307,201
"172",185,4198815,1846120,172,282,3059197,1139618,533954,1312166,153,32
"173",1809,1731797,541120,173,283,752023,979774,221674,319446,1459,350
"174",1019,3785597,821060,174,284,1941376,1844221,356279,464781,696,323
"175",474,0,195511,175,285,0,0,145638,49873,166,308
"176",324,0,353363,176,286,0,0,203420,149943,229,95
"177",1242,1492117,340248,177,287,863931,628186,209188,131060,802,440
"178",552,1650784,263095,178,288,1033174,617610,137326,125769,283,269
"179",465,0,207821,179,289,0,0,155007,52814,237,228
"180",914,3324139,472403,180,290,2150437,1173702,267245,205158,670,244
"181",1111,4875976,248321,181,291,3028853,1847123,121619,126702,183,928
"182",687,1346700,347045,182,292,524717,821983,292520,54525,663,24
"183",2022,2832456,249969,183,293,1571540,1260916,163102,86867,1467,555
"184",1136,2647607,841672,184,300,383061,2264546,231022,610650,546,590
"185",845,0,541002,185,301,0,0,226168,314834,755,90
"186",1382,0,732376,186,302,0,0,300412,431964,1050,332
"187",1303,5534729,852899,187,303,576896,4957833,263535,589364,633,670
"188",756,5961461,1065065,188,304,446652,5514809,310474,754591,284,472
"189",1634,5961461,1112401,189,305,446652,5514809,329781,782620,362,1272
"190",791,4669001,940236,190,306,362268,4306733,300707,639529,295,496
"191",1246,2647607,605894,191,307,383061,2264546,156180,449714,595,651
"192",3328,5534729,921448,192,308,576896,4957833,284991,636457,555,2773
"193",774,5534729,1009755,193,309,576896,4957833,304260,705495,297,477
"194",587,4669001,1052528,194,310,362268,4306733,308737,743791,177,410
"195",1957,5534729,1055342,195,311,576896,4957833,247074,808268,1100,857
"196",2181,6262349,725937,196,312,655233,5607116,165632,560305,1010,1171
"197",351,1781879,1031550,197,313,168433,1613446,412199,619351,192,159
"198",361,1292460,173469,198,314,84384,1208076,40380,133089,119,242
"199",998,3427320,590708,199,315,318387,3108933,179913,410795,457,541
"200",2035,6811929,1169094,200,316,595398,6216531,359342,809752,889,1146
"201",717,8802356,1293268,201,318,777639,8024717,371476,921792,257,460
"202",742,7509896,1236891,202,320,693255,6816641,370048,866843,154,588
"203",595,7509896,902924,203,321,693255,6816641,282991,619933,48,547
"204",600,8305503,893233,204,322,832541,7472962,286004,607229,328,272
"205",709,4112229,806917,205,324,355348,3756881,202879,604038,174,535
"206",1655,3427320,582007,206,326,318387,3108933,157679,424328,574,1081
"207",796,6292857,1097960,207,327,530869,5761988,372790,725170,481,315
"208",763,6816848,681119,208,328,590574,6226274,279364,401755,404,359
"209",1610,8340075,1119192,209,329,808197,7531878,409871,709321,792,818
"210",710,8802356,1397014,210,330,777639,8024717,471836,925178,69,641
"211",1016,8829494,993999,211,331,892246,7937248,367212,626787,414,602
"212",865,8829494,831748,212,332,892246,7937248,319081,512667,373,492
"213",760,7379435,521653,213,334,658074,6721361,185745,335908,379,381
"214",611,7379435,521653,214,335,658074,6721361,185745,335908,367,244
"215",349,4912755,370514,215,336,489810,4422945,150111,220403,187,162
"216",517,1690667,557721,216,337,373894,1316773,187970,369751,191,326
"217",1347,3199853,495330,217,338,379855,2819998,136445,358885,301,1046
"218",865,3199853,498031,218,339,379855,2819998,122140,375891,326,539
"219",682,840199,550630,219,340,225148,615051,267736,282894,453,229
"220",756,840199,558273,220,341,225148,615051,270723,287550,334,422
"221",860,1402786,639787,221,342,292648,1110138,267394,372393,517,343
"222",557,2350351,405870,222,343,582052,1768299,109592,296278,328,229
"223",605,3229521,345881,223,344,969215,2260306,80707,265174,530,75
"224",1341,2884611,582446,224,345,565355,2319256,161809,420637,772,569
"225",1271,3838700,640148,225,346,1233668,2605032,232718,407430,297,974
"226",889,4529800,274539,226,347,1345020,3184780,108252,166287,256,633
"227",1227,1276569,705436,227,348,433164,843405,413082,292354,1075,152
"228",648,410841,603487,228,349,218536,192305,252844,350643,477,171
"229",661,0,244506,229,351,0,0,56453,188053,573,88
"230",573,1292460,110521,230,352,84384,1208076,37543,72978,387,186
"231",216,1292460,577024,231,353,84384,1208076,169027,407997,110,106
"232",1503,2142928,405228,232,354,233130,1909798,104039,301189,707,796
"233",779,2350351,341249,233,355,582052,1768299,91951,249298,354,425
"234",625,2350351,514980,234,356,582052,1768299,182745,332235,364,261
"235",1159,840199,706897,235,358,225148,615051,314995,391902,623,536
"236",773,2253254,563843,236,359,441394,1811860,156928,406915,309,464
"237",1795,3303501,590929,237,361,1437391,1866110,281849,309080,944,851
"238",1169,2101509,595820,238,362,962850,1138659,276626,319194,766,403
"239",1246,1492330,660705,239,363,698397,793933,289749,370956,710,536
"240",1164,2860350,189001,240,364,1270427,1589923,103254,85747,1078,86
"241",1017,410841,500367,241,367,218536,192305,309622,190745,893,124
"242",861,5961461,1225880,242,368,446652,5514809,376299,849581,211,650
"243",1393,2576852,414414,243,369,169641,2407211,139998,274416,666,727
"244",846,4250337,498642,244,370,491639,3758698,102330,396312,59,787
"245",395,2302212,95087,245,371,893024,1409188,41905,53182,152,243
"246",418,2208332,222996,246,372,1367398,840934,138063,84933,165,253
"247",113,2107490,302162,247,373,1298504,808986,174005,128157,97,16
"248",574,3560790,150174,248,374,1620343,1940447,94124,56050,354,220
"249",806,2801030,383211,249,375,1344541,1456489,181653,201558,607,199
"251",1005,4049446,488383,251,378,1477874,2571572,239706,248677,324,681
"252",621,0,1073698,252,379,0,0,431221,642477,291,330
"253",752,4467062,277425,253,380,666400,3800662,92222,185203,313,439
"254",41,2302212,153892,254,381,893024,1409188,69402,84490,10,31
"255",323,2208332,249960,255,382,1367398,840934,148025,101935,245,78
"256",1175,3586094,329431,256,383,1348984,2237110,137735,191696,357,818
"257",239,2647607,588356,257,384,383061,2264546,209084,379272,112,127
"258",827,8074736,1031865,258,385,699302,7375434,288143,743722,325,502
"259",1435,840199,298238,259,386,225148,615051,171792,126446,893,542
"260",807,3356213,428236,260,387,712614,2643599,135994,292242,230,577
"261",329,840199,557469,261,388,225148,615051,233389,324080,142,187
"262",831,3995460,279031,262,389,519141,3476319,47561,231470,353,478
"263",667,3631723,164312,263,390,451617,3180106,62268,102044,415,252
"264",632,5534729,738285,264,391,576896,4957833,159362,578923,302,330
"265",771,3838700,569751,265,393,1233668,2605032,215487,354264,299,472
"266",823,865728,1122666,266,394,214628,651100,387351,735315,457,366
"267",884,1276569,910618,267,395,433164,843405,362311,548307,722,162
"268",457,3199853,484162,268,397,379855,2819998,132320,351842,110,347
"269",469,7610202,598281,269,398,791313,6818889,214307,383974,208,261
"270",336,849474,353089,270,399,576869,272605,198428,154661,306,30
"271",974,0,282974,271,400,0,0,205061,77913,920,54
"272",661,0,284673,272,401,0,0,205445,79228,503,158
"273",478,0,284736,273,402,0,0,183546,101190,350,128
"274",501,0,462987,274,403,0,0,293665,169322,372,129
"275",558,87711,446244,275,405,31030,56681,213456,232788,100,458
"276",529,0,316600,276,406,0,0,192017,124583,433,96
"277",591,0,393975,277,407,0,0,177463,216512,354,237
"278",986,87711,361868,278,408,31030,56681,118590,243278,195,791
"279",1921,87711,485206,279,409,31030,56681,166503,318703,295,1626
"280",426,87711,435974,280,410,31030,56681,163729,272245,290,136
"281",673,1537578,377561,281,411,817613,719965,143145,234416,133,540
"282",1126,1537578,388419,282,412,817613,719965,160471,227948,335,791
"283",473,0,99387,283,413,0,0,52956,46431,393,80
"284",499,1537578,504517,284,414,817613,719965,189901,314616,150,349
"285",2756,1537578,757863,285,415,817613,719965,335260,422603,1280,1476
"286",738,1537578,566379,286,416,817613,719965,283434,282945,612,126
"287",1562,1537578,823331,287,417,817613,719965,403798,419533,863,699
"288",870,2139171,352582,288,418,1294103,845068,253650,98932,335,535
"289",768,2139171,306495,289,419,1294103,845068,195030,111465,220,548
"290",209,689304,91070,290,420,507520,181784,35425,55645,97,112
"291",2020,689304,320571,291,421,507520,181784,197052,123519,833,1187
"292",72,0,63270,292,422,0,0,23532,39738,25,47
"293",276,1537578,424040,293,424,817613,719965,232196,191844,73,203
"294",262,87711,470589,294,425,31030,56681,246547,224042,29,233
"295",1153,2389997,432532,295,426,1234762,1155235,297999,134533,339,814
"296",841,2139171,316932,296,427,1294103,845068,254838,62094,500,341
"297",523,7047615,520920,297,428,723813,6323802,206117,314803,176,347
"298",70,1181681,176087,298,429,836468,345213,105524,70563,66,4
"299",292,2826203,249726,299,430,952729,1873474,102451,147275,229,63
"300",1646,3049074,339081,300,431,1252254,1796820,179201,159880,992,654
"301",93,1425503,312326,301,432,1096591,328912,264499,47827,64,29
"302",826,6659428,1061888,302,433,544509,6114919,272855,789033,206,620
"303",208,2682356,413442,303,434,1820194,862162,244831,168611,205,3
"304",152,1781879,1102272,304,435,168433,1613446,416513,685759,44,108
"305",181,2328163,452813,305,436,1281286,1046877,234023,218790,156,25
"306",294,1106117,297152,306,437,512163,593954,168254,128898,114,180
"307",903,970992,371948,307,438,745868,225124,276129,95819,374,529
"308",1015,579920,114931,308,439,320739,259181,62858,52073,651,364
"309",72,0,1565,309,440,0,0,77,1488,27,45
"310",178,0,308060,310,446,0,0,168480,139580,150,28
"311",29,0,322548,311,447,0,0,219879,102669,24,5
"312",16,0,131893,312,449,0,0,90675,41218,14,2
"313",749,0,308285,313,450,0,0,73630,234655,461,288
"314",218,1292460,52123,314,451,84384,1208076,18655,33468,78,140
"315",288,3034515,485072,315,452,642229,2392286,129122,355950,99,189
"316",487,5147790,591399,316,453,894879,4252911,139631,451768,215,272
"317",473,6292857,1096286,317,454,530869,5761988,333877,762409,287,186
"318",146,3499085,417939,318,455,843783,2655302,135352,282587,27,119
"319",611,3303501,584553,319,456,1437391,1866110,285157,299396,463,148
"320",463,3499085,579527,320,457,843783,2655302,201024,378503,166,297
"321",535,4669001,973486,321,458,362268,4306733,298946,674540,210,325
"322",1023,0,830150,322,461,0,0,325088,505062,649,374
"323",52,0,329756,323,462,0,0,222942,106814,48,4
"325",110,1292460,109072,325,464,84384,1208076,33059,76013,38,72
"326",1713,1484169,190713,326,500,908182,575987,100750,89963,826,887
"327",1280,1831428,556827,327,501,1174014,657414,235964,320863,630,650
"328",4212,347259,122895,328,502,265832,81427,71753,51142,1049,3163
"330",1739,1831428,389731,330,504,1174014,657414,340952,48779,1347,392
"331",1428,0,298533,331,505,0,0,114121,184412,807,621
"332",336,1765875,70042,332,506,615651,1150224,25857,44185,120,216
"333",1104,1765875,147401,333,507,615651,1150224,46822,100579,606,498
"334",694,1765875,109210,334,508,615651,1150224,31721,77489,175,519
"335",1831,2067035,172035,335,509,795923,1271112,120909,51126,404,1427
"336",307,951914,117406,336,510,471773,480141,52827,64579,129,178
"337",851,951914,174703,337,511,471773,480141,63127,111576,313,538
"338",1140,1318502,128081,338,512,637160,681342,47423,80658,669,471
"339",961,2067035,177167,339,513,795923,1271112,54864,122303,344,617
"340",1467,2599290,138618,340,514,1232332,1366958,66656,71962,394,1073
"341",574,0,246608,341,515,0,0,185096,61512,463,111
"342",648,1484169,415353,342,516,908182,575987,277005,138348,408,240
"343",507,2328475,450543,343,518,1373631,954844,228409,222134,153,354
"344",383,627071,333806,344,519,486515,140556,164063,169743,308,75
"345",677,1113797,396256,345,520,910059,203738,180983,215273,263,414
"346",615,1416980,614560,346,521,1116963,300017,237249,377311,339,276
"347",121,1992985,363378,347,522,1433590,559395,206390,156988,56,65
"348",66,927852,347129,348,523,741658,186194,186573,160556,65,1
"349",151,1406822,336502,349,524,1145564,261258,232229,104273,139,12
"350",612,1042051,404234,350,525,704915,337136,105506,298728,252,360
"351",1448,1879397,404126,351,526,1424062,455335,191282,212844,571,877
"352",961,887130,633605,352,529,616014,271116,211877,421728,849,112
"353",1523,1400404,327575,353,530,798221,602183,165656,161919,1038,485
"354",167,1221982,398713,354,533,950493,271489,254640,144073,108,59
"355",224,920096,363336,355,534,722020,198076,296473,66863,179,45
"356",499,853314,461560,356,535,588931,264383,309118,152442,397,102
"357",398,1623215,417350,357,536,1278708,344507,254083,163267,217,181
"358",612,679103,417467,358,537,385176,293927,111605,305862,160,452
"359",594,1394220,403390,359,538,1100554,293666,138894,264496,316,278
"360",922,887130,224688,360,539,616014,271116,131209,93479,519,403
"361",906,0,487018,361,540,0,0,283780,203238,496,410
"362",894,0,309646,362,542,0,0,81776,227870,321,573
"363",679,0,309646,363,543,0,0,81776,227870,126,553
"364",593,0,96313,364,544,0,0,57643,38670,431,162
"365",990,0,467373,365,546,0,0,293303,174070,631,359
"366",1568,347259,228615,366,548,265832,81427,203271,25344,1358,210
"367",1467,0,489584,367,549,0,0,286724,202860,959,508
"368",947,1555142,476884,368,550,1061925,493217,240552,236332,322,625
"369",1214,0,344307,369,551,0,0,115415,228892,599,615
"370",272,0,360215,370,552,0,0,99897,260318,86,186
"371",658,910029,303025,371,553,730822,179207,244038,58987,517,141
"372",388,0,366685,372,555,0,0,101001,265684,185,203
"373",80,827010,199707,373,556,672764,154246,88592,111115,64,16
"374",892,2728580,534163,374,557,1449365,1279215,250018,284145,425,467
"375",770,930254,488356,375,558,693419,236835,164520,323836,379,391
"376",1086,1669122,678810,376,559,1191430,477692,252712,426098,527,559
"377",1359,0,317728,377,560,0,0,236007,81721,1230,129
"378",785,951914,151189,378,561,471773,480141,64357,86832,358,427
"379",1325,887130,242333,379,562,616014,271116,145021,97312,903,422
"380",2409,1115121,161210,380,563,324150,790971,96114,65096,471,1938
"381",32,1992985,356473,381,564,1433590,559395,197515,158958,31,1
"382",1930,827010,210557,382,565,672764,154246,88877,121680,826,1104
"383",2389,1765875,97425,383,567,615651,1150224,26793,70632,1144,1245
"384",1241,2728580,344428,384,568,1449365,1279215,177353,167075,669,572
"385",123,601172,307612,385,569,514464,86708,251883,55729,84,39
"386",778,1484169,218008,386,571,908182,575987,132356,85652,338,440
"387",170,910029,265462,387,572,730822,179207,155985,109477,114,56
"388",1376,0,324893,388,573,0,0,171844,153049,1004,372
"389",879,0,525430,389,574,0,0,320903,204527,711,168
"390",433,536161,215884,390,575,406002,130159,113211,102673,104,329
"391",808,0,140489,391,576,0,0,85133,55356,405,403
"392",859,0,126631,392,577,0,0,72724,53907,480,379
"393",1473,1115121,165144,393,578,324150,790971,95737,69407,501,972
"394",950,1394220,202041,394,579,1100554,293666,73792,128249,465,485
"395",23,2272518,276419,395,580,1651663,620855,159928,116491,15,8
"396",317,1879397,180984,396,581,1424062,455335,95732,85252,103,214
"397",863,2067035,182772,397,582,795923,1271112,86572,96200,224,639
"398",1272,1394220,237460,398,583,1100554,293666,135122,102338,769,503
"399",1234,1484169,254274,399,584,908182,575987,149048,105226,784,450
"400",1953,1115121,234163,400,585,324150,790971,168889,65274,1544,409
"401",522,1394220,104574,401,586,1100554,293666,46385,58189,393,129
"402",249,2067035,124451,402,587,795923,1271112,38605,85846,104,145
"403",649,1831428,130216,403,588,1174014,657414,75440,54776,495,154
"404",1898,1765875,99990,404,589,615651,1150224,27490,72500,672,1226
"405",1631,1484169,410161,405,590,908182,575987,140027,270134,522,1109
"406",273,1484169,238174,406,591,908182,575987,87784,150390,49,224
"407",481,1484169,63530,407,592,908182,575987,22632,40898,94,387
"408",1826,0,294534,408,593,0,0,257438,37096,1739,87
"409",875,1010908,4192,409,594,719819,291089,1090,3102,43,832
"410",69,1838714,436819,410,600,1325717,512997,263429,173390,25,44
"411",382,526118,636415,411,601,282904,243214,293272,343143,195,187
"412",1439,0,554570,412,602,0,0,444690,109880,823,616
"413",465,1091037,553154,413,604,893650,197387,270236,282918,392,73
"414",442,1764021,762610,414,605,796164,967857,336066,426544,218,224
"415",429,0,369772,415,606,0,0,216196,153576,251,178
"416",350,923296,210523,416,607,788329,134967,110193,100330,260,90
"417",168,1136361,404501,417,608,748448,387913,223827,180674,107,61
"418",839,0,398793,418,609,0,0,182587,216206,569,270
"419",500,967259,443520,419,610,789845,177414,345830,97690,407,93
"420",981,1299451,388654,420,612,594610,704841,171947,216707,549,432
"421",1069,1492330,694987,421,613,698397,793933,300789,394198,457,612
"422",835,1299451,476363,422,614,594610,704841,217012,259351,334,501
"423",541,1299451,599424,423,615,594610,704841,290238,309186,419,122
"424",112,1136361,611849,424,616,748448,387913,330440,281409,92,20
"425",737,868489,550228,425,617,704243,164246,427372,122856,632,105
"426",210,967259,529777,426,621,789845,177414,416775,113002,170,40
"427",611,0,632508,427,622,0,0,427611,204897,382,229
"428",456,1136361,583938,428,623,748448,387913,312278,271660,271,185
"429",1541,401953,312913,429,624,292506,109447,219341,93572,1074,467
"430",1167,1978167,540392,430,625,1509664,468503,257563,282829,1002,165
"431",810,887130,389004,431,626,616014,271116,200942,188062,591,219
"432",719,0,588741,432,627,0,0,390663,198078,391,328
"433",300,1136361,329710,433,628,748448,387913,196345,133365,168,132
"434",1701,928071,619433,434,630,575410,352661,275821,343612,1230,471
"435",2120,1394220,493995,435,631,1100554,293666,205539,288456,893,1227
"436",649,526118,1025404,436,633,282904,243214,378619,646785,224,425
"437",1052,2059657,250541,437,634,1536777,522880,132706,117835,436,616
"438",726,1136361,547474,438,635,748448,387913,294821,252653,414,312
"439",560,0,36656,439,636,0,0,21932,14724,269,291
"440",629,0,66584,440,637,0,0,32630,33954,450,179
"441",309,1136361,0,441,638,748448,387913,0,0,55,254
"442",528,1136361,92326,442,639,748448,387913,43760,48566,298,230
"443",735,526118,888548,443,640,282904,243214,329346,559202,478,257
"444",761,928071,414798,444,641,575410,352661,203383,211415,281,480
"445",1041,1394220,405759,445,642,1100554,293666,192044,213715,781,260
"446",1240,536161,250902,446,643,406002,130159,207304,43598,1128,112
"447",3067,887130,633605,447,646,616014,271116,211877,421728,843,2224
"448",221,923296,247358,448,647,788329,134967,141718,105640,165,56
"449",2314,1755619,271113,449,648,1320257,435362,165408,105705,2118,196
"450",751,1838714,427495,450,650,1325717,512997,259859,167636,482,269
"451",345,0,1001139,451,651,0,0,441324,559815,215,130
"452",390,0,535656,452,652,0,0,397907,137749,370,20
"453",600,98770,439788,453,654,85602,13168,278227,161561,564,36
"454",383,0,189206,454,656,0,0,104680,84526,332,51
"455",670,98770,272930,455,657,85602,13168,205945,66985,566,104
"456",644,0,433998,456,658,0,0,326219,107779,498,146
"457",794,1299451,495511,457,659,594610,704841,231339,264172,499,295
"458",597,526118,753318,458,660,282904,243214,322189,431129,173,424
"459",380,1136361,231536,459,661,748448,387913,66670,164866,83,297
"460",362,2059657,234683,460,663,1536777,522880,125144,109539,148,214
"461",3,1136361,242454,461,664,748448,387913,154754,87700,0,3
"462",1198,1816591,674565,462,700,1591636,224955,308904,365661,861,337
"463",607,1019586,572204,463,701,815943,203643,421035,151169,558,49
"464",997,1019586,462405,464,702,815943,203643,332997,129408,893,104
"465",2429,1563350,438242,465,703,1212492,350858,164246,273996,925,1504
"466",2701,1019586,653450,466,704,815943,203643,257649,395801,811,1890
"467",647,611120,758590,467,706,549536,61584,298473,460117,287,360
"468",347,611120,320426,468,707,549536,61584,231791,88635,295,52
"469",1483,1500580,360695,469,708,1226712,273868,235090,125605,687,796
"470",264,0,597861,470,709,0,0,375731,222130,111,153
"471",333,0,561249,471,710,0,0,340176,221073,176,157
"472",426,611120,74279,472,711,549536,61584,50959,23320,411,15
"473",555,0,461667,473,712,0,0,379805,81862,444,111
"474",360,0,367371,474,713,0,0,239735,127636,303,57
"475",472,0,324011,475,714,0,0,256874,67137,404,68
"476",1780,1500580,243424,476,716,1226712,273868,167072,76352,912,868
"477",796,1019586,508507,477,719,815943,203643,256937,251570,412,384
"478",261,0,366364,478,720,0,0,295046,71318,203,58
"479",1016,1630706,528299,479,722,1365479,265227,210269,318030,766,250
"480",1268,1019586,388711,480,723,815943,203643,169163,219548,252,1016
"481",103,480994,379082,481,724,410769,70225,283942,95140,92,11
"482",407,2472337,770446,482,725,2257390,214947,354195,416251,352,55
"483",1634,0,225101,483,726,0,0,199309,25792,1527,107
"484",1088,480994,281575,484,729,410769,70225,177210,104365,868,220
"485",699,543764,191221,485,731,396549,147215,93355,97866,135,564
"486",278,0,458185,486,732,0,0,260915,197270,98,180
"487",363,0,238705,487,733,0,0,205620,33085,317,46
"488",1150,1092114,295632,488,734,960305,131809,224404,71228,947,203
"489",1364,0,340198,489,735,0,0,302244,37954,1251,113
"490",779,0,541089,490,736,0,0,459495,81594,593,186
"491",547,611120,805477,491,737,549536,61584,371422,434055,370,177
"492",844,0,471878,492,739,0,0,270928,200950,524,320
"493",382,1713789,550114,493,740,1535067,178722,363199,186915,318,64
"494",334,0,296196,494,741,0,0,142399,153797,41,293
"495",241,851157,647741,495,742,686198,164959,368993,278748,138,103
"496",472,0,640790,496,743,0,0,352841,287949,312,160
"497",1787,1285830,227973,497,744,1146407,139423,104279,123694,515,1272
"498",460,0,475791,498,745,0,0,400313,75478,426,34
"499",319,272855,362894,499,746,234011,38844,237972,124922,206,113
"500",490,0,318057,500,747,0,0,251489,66568,265,225
"501",89,543764,198986,501,748,396549,147215,128525,70461,28,61
"502",941,615755,218343,502,749,454318,161437,93252,125091,311,630
"503",663,0,373876,503,750,0,0,268780,105096,560,103
"504",686,530761,464178,504,752,445229,85532,353830,110348,642,44
"505",1309,1285830,72250,505,754,1146407,139423,53699,18551,1196,113
"506",686,272855,382368,506,755,234011,38844,215568,166800,297,389
"507",515,1563350,420549,507,756,1212492,350858,152338,268211,85,430
"508",281,0,132329,508,757,0,0,116846,15483,270,11
"509",875,1092114,286886,509,758,960305,131809,226469,60417,644,231
"510",459,0,409798,510,759,0,0,346476,63322,372,87
"511",234,0,530003,511,760,0,0,305188,224815,112,122
"512",210,543764,427589,512,762,396549,147215,158895,268694,96,114
"513",827,480994,408363,513,763,410769,70225,315919,92444,730,97
"514",572,0,273944,514,764,0,0,184222,89722,194,378
"515",346,1563350,436127,515,765,1212492,350858,162227,273900,115,231
"516",312,1285830,224246,516,766,1146407,139423,101969,122277,148,164
"517",1007,1640542,339920,517,800,525857,1114685,200119,139801,435,572
"518",173,367246,249468,518,802,112107,255139,137276,112192,114,59
"519",179,584876,662437,519,803,223998,360878,341748,320689,91,88
"520",733,3049783,416471,520,805,988458,2061325,249744,166727,496,237
"521",473,2159204,247502,521,806,666041,1493163,130359,117143,154,319
"522",394,0,1059462,522,807,0,0,470137,589325,103,291
"523",377,92211,108601,523,808,38533,53678,57614,50987,132,245
"524",180,182815,244311,524,809,66107,116708,110834,133477,67,113
"525",124,318472,262211,525,810,180785,137687,155682,106529,89,35
"526",125,318472,181616,526,811,180785,137687,89833,91783,74,51
"527",194,890579,229489,527,812,322417,568162,109630,119859,59,135
"528",504,2657543,352959,528,813,737180,1920363,162857,190102,283,221
"529",732,92211,142537,529,815,38533,53678,76717,65820,504,228
"530",914,2209186,478531,530,816,575686,1633500,203992,274539,462,452
"531",249,2657543,332975,531,817,737180,1920363,151955,181020,170,79
"532",756,840597,773825,532,818,412772,427825,393800,380025,494,262
"533",478,1282819,794625,533,819,573695,709124,429895,364730,313,165
"534",272,448357,408813,534,820,161494,286863,242415,166398,195,77
"535",158,1766964,318767,535,822,414763,1352201,138235,180532,117,41
"536",243,2381120,227958,536,823,1070665,1310455,152692,75266,173,70
"537",749,92211,172401,537,825,38533,53678,112591,59810,448,301
"538",871,0,886368,538,826,0,0,370741,515627,609,262
"539",129,890579,94986,539,827,322417,568162,35339,59647,20,109
"540",309,448357,734105,540,828,161494,286863,372388,361717,132,177
"541",786,1766964,311468,541,829,414763,1352201,143743,167725,338,448
"542",447,579920,196303,542,830,320739,259181,131453,64850,425,22
"543",132,318472,197270,543,831,180785,137687,109881,87389,66,66
"544",1406,0,178978,544,832,0,0,96579,82399,946,460
"545",1048,840597,368554,545,834,412772,427825,246510,122044,945,103
"546",350,1282819,766732,546,835,573695,709124,396064,370668,173,177
"547",848,0,308586,547,836,0,0,188214,120372,204,644
"548",595,182815,189697,548,837,66107,116708,94057,95640,285,310
"549",396,448357,735174,549,838,161494,286863,358668,376506,211,185
"550",223,182815,165345,550,839,66107,116708,122190,43155,118,105
"551",300,1766964,159301,551,840,414763,1352201,86622,72679,118,182
"552",998,2209186,454960,552,841,575686,1633500,195034,259926,169,829
"553",86,318472,258660,553,843,180785,137687,127355,131305,59,27
"554",604,1248302,99314,554,844,274579,973723,75921,23393,560,44
"555",214,2601426,246763,555,845,826964,1774462,124717,122046,62,152
"556",317,0,383239,556,846,0,0,224039,159200,266,51
"557",773,2126658,407369,557,900,1799111,327547,244074,163295,422,351
"558",922,1064821,513096,558,901,930461,134360,326856,186240,593,329
"559",396,1470435,204628,559,902,1178922,291513,140039,64589,316,80
"560",707,0,248681,560,903,0,0,197438,51243,573,134
"561",571,0,166612,561,904,0,0,147414,19198,557,14
"562",2480,1392199,397170,562,905,1125123,267076,94439,302731,104,2376
"563",614,2632460,1223718,563,906,2193995,438465,386401,837317,414,200
"564",2105,1273792,501661,564,907,1103416,170376,262780,238881,1035,1070
"565",300,2883508,525458,565,908,2405037,478471,271860,253598,148,152
"566",543,0,419184,566,909,0,0,308983,110201,510,33
"567",936,1782375,215991,567,911,1454009,328366,164488,51503,772,164
"568",1247,0,800779,568,912,0,0,414951,385828,1033,214
"569",808,1273792,433439,569,913,1103416,170376,301952,131487,429,379
"570",1671,1022744,720880,570,914,892374,130370,332231,388649,1136,535
"571",1014,0,369494,571,915,0,0,257810,111684,620,394
"572",594,1782375,282859,572,916,1454009,328366,166570,116289,480,114
"573",1532,813773,691005,573,917,719419,94354,228197,462808,357,1175
"574",342,2126658,488346,574,919,1799111,327547,239402,248944,238,104
"575",292,1392199,221586,575,921,1125123,267076,154315,67271,225,67
"576",227,2825320,1168246,576,922,2364813,460507,357874,810372,77,150
"577",427,2355830,583245,577,923,1990496,365334,264771,318474,347,80
"578",196,0,234766,578,924,0,0,188189,46577,158,38
"579",157,1312885,582167,579,925,1079692,233193,299416,282751,67,90
"580",783,1505745,526371,580,926,1250510,255235,257640,268731,308,475
"581",373,2825320,1168246,581,927,2364813,460507,357874,810372,66,307
"582",110,0,27613,582,928,0,0,10975,16638,90,20
"583",276,1273792,387050,583,930,1103416,170376,285752,101298,224,52
"584",1591,1743282,307330,584,931,1477733,265549,239385,67945,1202,389
"585",337,720538,530130,585,932,585359,135179,284700,245430,223,114
"586",437,2883508,723809,586,933,2405037,478471,404054,319755,252,185
"587",737,1022744,419050,587,934,892374,130370,314215,104835,638,99
"588",255,2805119,196809,588,935,2346383,458736,151485,45324,138,117
"589",21,78236,223389,589,937,53799,24437,165248,58141,9,12
"590",39,1470435,207683,590,938,1178922,291513,140056,67627,34,5
"591",255,2126658,509134,591,939,1799111,327547,326810,182324,116,139
"592",565,0,132951,592,941,0,0,112366,20585,557,8
"593",378,0,208081,593,942,0,0,167159,40922,357,21
"594",1298,2126658,556467,594,943,1799111,327547,364698,191769,442,856
"595",705,0,184639,595,945,0,0,150779,33860,674,31
"596",678,1254697,165154,596,946,1039468,215229,128600,36554,640,38
"597",592,2162970,860716,597,947,1819678,343292,331441,529275,414,178
"598",683,1537578,737331,598,948,817613,719965,356623,380708,114,569
"599",885,2632460,1219850,599,949,2193995,438465,376217,843633,87,798
"600",566,2883508,427874,600,950,2405037,478471,196523,231351,285,281
"601",501,2632460,1197728,601,951,2193995,438465,370287,827441,134,367
"602",798,2355830,496904,602,952,1990496,365334,267150,229754,750,48
"603",326,192860,313557,603,953,170818,22042,258072,55485,301,25
"604",263,1470435,179552,604,954,1178922,291513,103640,75912,215,48
"605",949,1022744,606554,605,956,892374,130370,361031,245523,765,184
"606",642,1273792,499353,606,958,1103416,170376,386502,112851,401,241
"607",60,1470435,63655,607,959,1178922,291513,45019,18636,8,52
"608",1401,1392199,473105,608,960,1125123,267076,134248,338857,61,1340
"609",262,1505745,526371,609,961,1250510,255235,257640,268731,95,167
"610",75,1392199,446666,610,962,1125123,267076,130810,315856,14,61
"611",450,1254697,248897,611,963,1039468,215229,166667,82230,383,67
"612",512,3887157,858779,612,964,3233463,653694,269218,589561,457,55
"613",378,1022744,260905,613,965,892374,130370,212386,48519,357,21
"614",193,1875610,516246,614,966,1588069,287541,261809,254437,15,178
"615",219,2126658,555449,615,967,1799111,327547,285442,270007,95,124
"616",342,0,144561,616,968,0,0,108061,36500,336,6
"617",376,0,119501,617,969,0,0,108199,11302,371,5
"618",414,1022744,248889,618,971,892374,130370,216374,32515,289,125
"619",264,1537578,188555,619,972,817613,719965,60004,128551,121,143
"620",972,2265040,475327,620,1001,1845284,419756,207571,267756,310,662
"621",911,1118782,133303,621,1002,1011963,106819,95546,37757,798,113
"622",425,1118782,303976,622,1003,1011963,106819,131018,172958,251,174
"623",572,1118782,371877,623,1004,1011963,106819,131753,240124,407,165
"624",425,511702,450024,624,1006,434873,76829,291364,158660,335,90
"625",29,0,5543,625,1007,0,0,1743,3800,11,18
"626",1502,1118782,376229,626,1008,1011963,106819,136839,239390,807,695
"627",1194,1712618,575629,627,1009,1238168,474450,244938,330691,282,912
"628",1189,1969306,338298,628,1010,1461319,507987,198935,139363,381,808
"629",1807,1969306,379620,629,1011,1461319,507987,187301,192319,989,818
"630",316,1712618,567760,630,1012,1238168,474450,235889,331871,159,157
"631",1313,566360,314467,631,1013,404847,161513,155713,158754,480,833
"632",663,511702,343897,632,1014,434873,76829,181713,162184,346,317
"633",611,1125247,348771,633,1015,864444,260803,157207,191564,506,105
"634",361,1064453,628014,634,1016,906132,158321,157473,470541,238,123
"635",897,367552,215250,635,1017,298827,68725,164315,50935,719,178
"636",294,455496,171936,636,1018,329171,126325,71943,99993,69,225
"637",2473,1021856,154776,637,1019,734018,287838,114946,39830,1623,850
"638",2427,2168114,230454,638,1020,1567339,600775,168658,61796,1319,1108
"639",545,0,360662,639,1021,0,0,294156,66506,468,77
"640",620,1969306,340435,640,1022,1461319,507987,200591,139844,362,258
"641",2879,0,259258,641,1023,0,0,113976,145282,267,2612
"642",985,566360,339357,642,1024,404847,161513,178240,161117,396,589
"643",257,0,267858,643,1025,0,0,98499,169359,53,204
"644",539,613545,185120,644,1026,429571,183974,93948,91172,444,95
"645",482,367552,180439,645,1027,298827,68725,138404,42035,333,149
"646",594,1712618,324878,646,1028,1238168,474450,181281,143597,385,209
"647",794,1712618,572680,647,1029,1238168,474450,236649,336031,303,491
"648",678,566360,262304,648,1030,404847,161513,127658,134646,446,232
"649",533,1118782,141672,649,1031,1011963,106819,77160,64512,189,344
"650",462,511702,239553,650,1032,434873,76829,200183,39370,311,151
"651",712,1125247,214159,651,1033,864444,260803,152100,62059,605,107
"652",282,613545,92189,652,1034,429571,183974,69652,22537,267,15
"653",805,613545,137606,653,1035,429571,183974,50012,87594,343,462
"654",319,1125247,270906,654,1036,864444,260803,128197,142709,197,122
"655",253,0,419930,655,1037,0,0,360266,59664,208,45
"656",126,0,263644,656,1038,0,0,222231,41413,94,32
"657",90,1064453,574224,657,1039,906132,158321,135410,438814,52,38
"659",488,613545,209628,659,1041,429571,183974,95871,113757,444,44
"660",501,0,309643,660,1042,0,0,259443,50200,450,51
"661",1296,879254,98151,661,1044,733700,145554,71044,27107,827,469
"662",717,1969306,396930,662,1047,1461319,507987,200819,196111,468,249
"663",1352,823048,229225,663,1048,627998,195050,151711,77514,972,380
"664",522,0,262615,664,1049,0,0,227941,34674,495,27
"665",1171,455496,197334,665,1050,329171,126325,98687,98647,487,684
"666",785,511702,182448,666,1051,434873,76829,153542,28906,592,193
"667",161,1677998,237341,667,1052,1335703,342295,89024,148317,36,125
"668",172,1064453,35970,668,1053,906132,158321,22740,13230,143,29
"669",132,1064453,683174,669,1054,906132,158321,163514,519660,87,45
"670",211,0,423909,670,1056,0,0,362752,61157,191,20
"671",356,1064453,568573,671,1057,906132,158321,170579,397994,275,81
"672",464,1677998,161007,672,1058,1335703,342295,41211,119796,168,296
"673",674,1513810,380719,673,1059,1132148,381662,178655,202064,513,161
"674",630,2265040,152698,674,1060,1845284,419756,131754,20944,517,113
"675",442,1630484,167915,675,1061,1446836,183648,136504,31411,320,122
"676",826,1677998,25243,676,1062,1335703,342295,7115,18128,805,21
"677",295,536772,53485,677,1101,482594,54178,42617,10868,61,234
"678",647,1278288,232524,678,1102,1051549,226739,148509,84015,362,285
"679",543,847750,148495,679,1103,688931,158819,83004,65491,393,150
"680",68,467013,18646,680,1105,395467,71546,14044,4602,40,28
"681",591,1278288,234010,681,1106,1051549,226739,159790,74220,424,167
"682",217,2107864,204939,682,1108,1201161,906703,108707,96232,160,57
"683",210,2107864,209673,683,1109,1201161,906703,110137,99536,143,67
"684",604,1483427,129611,684,1110,1155152,328275,68346,61265,487,117
"685",496,1540373,96758,685,1111,1084555,455818,54224,42534,366,130
"686",1390,1540373,106264,686,1112,1084555,455818,43139,63125,647,743
"687",1287,1116976,89816,687,1113,772506,344470,71906,17910,1078,209
"688",59,686438,51259,688,1114,409888,276550,32457,18802,17,42
"689",346,851157,683859,689,1115,686198,164959,394995,288864,233,113
"690",1022,1955144,278942,690,1117,1307256,647888,172024,106918,585,437
"691",1286,2097092,200691,691,1118,1631951,465141,123840,76851,652,634
"692",1677,851157,283609,692,1119,686198,164959,233734,49875,1350,327
"693",744,1245935,155468,693,1120,945753,300182,67164,88304,350,394
"694",638,2097092,196011,694,1121,1631951,465141,123568,72443,273,365
"695",650,1566331,86167,695,1122,1186722,379609,50790,35377,349,301
"696",1101,709209,328425,696,1124,361503,347706,164222,164203,380,721
"697",1111,1697229,353436,697,1125,1128782,568447,174678,178758,659,452
"698",290,2701809,470388,698,1126,2302346,399463,155554,314834,216,74
"699",492,2701809,842370,699,1127,2302346,399463,373432,468938,194,298
"700",443,2701809,755639,700,1128,2302346,399463,293625,462014,166,277
"701",604,2701809,755639,701,1129,2302346,399463,293625,462014,327,277
"702",293,2701809,779783,702,1130,2302346,399463,347259,432524,94,199
"703",1950,2701809,580680,703,1131,2302346,399463,416601,164079,1809,141
"704",906,851157,608599,704,1132,686198,164959,333390,275209,275,631
"705",1163,530761,421475,705,1135,445229,85532,288326,133149,953,210
"706",329,530761,389175,706,1136,445229,85532,301560,87615,232,97
"707",201,0,564709,707,1137,0,0,440007,124702,143,58
"708",1015,0,423810,708,1139,0,0,324360,99450,751,264
"709",627,1019586,574349,709,1140,815943,203643,313898,260451,376,251
"710",756,1861217,793127,710,1141,1707854,153363,293009,500118,559,197
"711",345,1861217,754475,711,1145,1707854,153363,261023,493452,254,91
"712",736,1861217,498067,712,1146,1707854,153363,412477,85590,543,193
"713",922,1713789,587922,713,1148,1535067,178722,272802,315120,892,30
"714",1054,1746468,103631,714,1149,1252991,493477,63866,39765,580,474
"715",973,2107864,218554,715,1150,1201161,906703,112498,106056,532,441
"716",2167,1109835,87256,716,1151,721937,387898,45008,42248,497,1670
"717",2359,1819044,144482,717,1152,1083440,735604,74087,70395,778,1581
"718",1722,709209,322175,718,1153,361503,347706,143192,178983,775,947
"719",1250,444349,175319,719,1155,333839,110510,90037,85282,900,350
"720",1057,0,462397,720,1157,0,0,304843,157554,692,365
"721",2784,1566331,520022,721,1158,1186722,379609,195252,324770,1062,1722
"722",318,1690284,266041,722,1159,1279592,410692,151489,114552,86,232
"723",2375,444349,182964,723,1160,333839,110510,79014,103950,1353,1022
"724",360,0,162441,724,1161,0,0,79978,82463,61,299
"725",1487,2169865,61034,725,1162,1565040,604825,42036,18998,1336,151
"726",874,1116976,198548,726,1163,772506,344470,140783,57765,602,272
"727",669,1540373,127546,727,1165,1084555,455818,66137,61409,587,82
"728",2220,1153558,263116,728,1166,695342,458216,139890,123226,1433,787
"729",2427,423397,222503,729,1167,312049,111348,176281,46222,2021,406
"730",1514,1483427,62699,730,1168,1155152,328275,35438,27261,1345,169
"731",1070,1816591,506374,731,1169,1591636,224955,216426,289948,383,687
"732",277,1543736,685512,732,1170,1357625,186111,360041,325471,196,81
"733",811,1543736,912932,733,1171,1357625,186111,460649,452283,690,121
"734",1005,1566331,155667,734,1172,1186722,379609,85382,70285,600,405
"735",1320,1566331,860011,735,1173,1186722,379609,375318,484693,585,735
"736",931,1566331,901822,736,1174,1186722,379609,412840,488982,476,455
"737",542,2097092,362245,737,1175,1631951,465141,185528,176717,354,188
"738",1538,0,225229,738,1177,0,0,141890,83339,1161,377
"739",627,1384522,122677,739,1178,1171525,212997,49860,72817,150,477
"740",479,1132606,188153,740,1180,673552,459054,122944,65209,388,91
"741",345,0,105117,741,1181,0,0,50070,55047,5,340
"742",1601,1245935,532313,742,1182,945753,300182,249833,282480,1012,589
"743",282,0,67265,743,1183,0,0,55919,11346,168,114
"744",806,1052889,108977,744,1184,792534,260355,77200,31777,710,96
"745",614,1690284,265238,745,1185,1279592,410692,138280,126958,490,124
"746",475,497829,89543,746,1186,372933,124896,61167,28376,278,197
"747",275,0,75174,747,1187,0,0,35794,39380,88,187
"748",458,686438,32868,748,1188,409888,276550,11600,21268,58,400
"749",375,1819044,113840,749,1190,1083440,735604,47844,65996,149,226
"750",582,1819044,112715,750,1191,1083440,735604,46891,65824,232,350
"751",1068,423397,227193,751,1192,312049,111348,185312,41881,953,115
"752",919,1819044,112081,752,1193,1083440,735604,37455,74626,169,750
"753",923,1839996,169364,753,1194,1105230,734766,59049,110315,213,710
"754",3260,2263393,26689,754,1195,1417279,846114,13518,13171,545,2715
"755",408,1130787,82894,755,1196,743727,387060,28228,54666,250,158
"756",1263,1819044,282866,756,1197,1083440,735604,99801,183065,258,1005
"757",1284,1109835,128109,757,1198,721937,387898,43924,84185,525,759
"758",390,2701809,349164,758,1199,2302346,399463,115432,233732,206,184
"759",267,917509,74756,759,1200,776058,141451,44863,29893,56,211
"760",928,2306920,400641,760,1201,1333652,973268,181655,218986,384,544
"761",1125,2306920,459182,761,1203,1333652,973268,221151,238031,584,541
"762",378,876417,174750,762,1204,740460,135957,110648,64102,324,54
"763",816,712196,326006,763,1205,378779,333417,93173,232833,266,550
"764",1424,1694442,343184,764,1206,1143851,550591,152966,190218,683,741
"765",462,353062,158840,765,1207,305099,47963,129477,29363,408,54
"766",939,566360,325598,766,1208,404847,161513,162076,163522,576,363
"767",2310,820158,80634,767,1209,541429,278729,31369,49265,1218,1092
"768",4250,820158,1071562,768,1210,541429,278729,276750,794812,1068,3182
"769",1476,568385,279379,769,1211,428075,140310,137319,142060,882,594
"770",2008,1767069,376747,770,1212,1169786,597283,163478,213269,1239,769
"771",803,1015455,138580,771,1213,728566,286889,99852,38728,688,115
"772",1030,1865761,257275,772,1214,1381766,483995,71040,186235,449,581
"773",1002,363498,136887,773,1215,254539,108959,44159,92728,305,697
"774",420,1596360,445984,774,1217,929822,666538,186191,259793,270,150
"775",773,1015455,112289,775,1218,728566,286889,65335,46954,477,296
"776",1177,982246,230847,776,1220,765072,217174,185560,45287,814,363
"777",1218,982246,317973,777,1221,765072,217174,253848,64125,1060,158
"778",1313,982246,364506,778,1222,765072,217174,160992,203514,621,692
"779",982,1694442,298063,779,1224,1143851,550591,147169,150894,546,436
"780",995,820158,146208,780,1226,541429,278729,75257,70951,717,278
"781",646,1336976,170464,781,1227,1098519,238457,110374,60090,380,266
"782",678,876417,287782,782,1228,740460,135957,219563,68219,553,125
"783",820,876417,160113,783,1229,740460,135957,100080,60033,590,230
"784",397,1502263,332406,784,1230,1127227,375036,224026,108380,273,124
"785",1066,820158,1147783,785,1231,541429,278729,324194,823589,409,657
"786",466,982246,860298,786,1232,765072,217174,285495,574803,160,306
"787",528,982246,637122,787,1233,765072,217174,288853,348269,240,288
"788",868,982246,428270,788,1235,765072,217174,232302,195968,368,500
"789",870,1596360,70978,789,1239,929822,666538,48907,22071,94,776
"790",104,1596360,70978,790,1240,929822,666538,48907,22071,66,38
"791",112,1596360,216132,791,1241,929822,666538,144927,71205,51,61
"792",205,1596360,202569,792,1242,929822,666538,133965,68604,19,186
"793",1339,2287555,227155,793,1243,1339863,947692,144013,83142,359,980
"794",963,1596360,421161,794,1244,929822,666538,259585,161576,406,557
"795",625,1596360,594772,795,1245,929822,666538,274113,320659,288,337
"796",2633,2188695,408492,796,1246,1376814,811881,157737,250755,664,1969
"797",303,1596360,579452,797,1247,929822,666538,278301,301151,98,205
"798",994,363498,91230,798,1248,254539,108959,73275,17955,843,151
"799",1195,712196,115493,799,1249,378779,333417,89074,26419,1049,146
"800",441,2197648,89766,800,1250,1200217,997431,46974,42792,155,286
"801",1109,1075874,493373,801,1251,759745,316129,285972,207401,513,596
"802",477,1865761,260641,802,1253,1381766,483995,70828,189813,294,183
"803",227,1799431,397109,803,1256,1001982,797449,267756,129353,159,68
"804",743,2306920,464996,804,1257,1333652,973268,208743,256253,266,477
"805",247,2911947,362468,805,1258,1834068,1077879,272700,89768,223,24
"806",618,1015455,115089,806,1259,728566,286889,60662,54427,347,271
"807",1007,1015455,208711,807,1260,728566,286889,145739,62972,645,362
"808",945,1075874,583872,808,1262,759745,316129,331380,252492,754,191
"809",540,877871,203931,809,1263,633022,244849,168897,35034,498,42
"810",1424,1712618,538272,810,1264,1238168,474450,223846,314426,496,928
"811",1668,2287555,361527,811,1265,1339863,947692,201816,159711,839,829
"812",188,1596360,140190,812,1266,929822,666538,72126,68064,71,117
"813",669,363498,91230,813,1267,254539,108959,73275,17955,293,376
"814",1045,820158,171284,814,1268,541429,278729,92694,78590,518,527
"815",445,982246,366816,815,1269,765072,217174,156888,209928,317,128
"816",778,1112516,333238,816,1271,832086,280430,168475,164763,335,443
"817",418,566360,279284,817,1274,404847,161513,143660,135624,247,171
"818",413,460559,186061,818,1275,358059,102500,151606,34455,387,26
"819",829,1112516,223428,819,1277,832086,280430,173388,50040,666,163
"820",915,820158,264599,820,1278,541429,278729,102444,162155,205,710
"821",251,353062,225873,821,1279,305099,47963,198605,27268,227,24
"822",211,353062,144225,822,1280,305099,47963,124229,19996,196,15
"823",1078,983914,412916,823,1282,793420,190494,301010,111906,774,304
"824",348,1476014,148991,824,1283,1086625,389389,100381,48610,319,29
"825",687,0,200779,825,1285,0,0,172413,28366,621,66
"826",438,0,198221,826,1286,0,0,173273,24948,324,114
"827",388,0,313899,827,1287,0,0,271711,42188,257,131
"828",1336,718489,291161,828,1288,296800,421689,219111,72050,922,414
"829",673,566360,79988,829,1289,404847,161513,61545,18443,301,372
"830",1309,0,245344,830,1290,0,0,206892,38452,1250,59
"831",529,455496,118293,831,1291,329171,126325,57321,60972,199,330
"832",1175,568385,289006,832,1293,428075,140310,228632,60374,880,295
"833",1583,820158,1071562,833,1295,541429,278729,276750,794812,275,1308
"834",270,568385,418271,834,1296,428075,140310,174419,243852,172,98
"835",489,568385,364423,835,1297,428075,140310,137848,226575,234,255
"836",693,455496,74330,836,1299,329171,126325,17838,56492,243,450
"837",598,0,174921,837,1300,0,0,149495,25426,474,124
"838",813,840199,931430,838,1302,225148,615051,473601,457829,486,327
"839",862,420455,1090562,839,1303,282626,137829,529113,561449,744,118
"840",83,0,91366,840,1304,0,0,56491,34875,78,5
"841",578,420455,869597,841,1305,282626,137829,398582,471015,443,135
"842",770,840199,791813,842,1306,225148,615051,414544,377269,603,167
"843",1529,1719906,271235,843,1308,877236,842670,133304,137931,541,988
"845",355,0,602763,845,1314,0,0,463053,139710,250,105
"846",144,0,238215,846,1315,0,0,119447,118768,87,57
"847",152,0,234891,847,1316,0,0,118618,116273,138,14
"849",461,1300818,1032168,849,1318,1108661,192157,392009,640159,151,310
"850",1064,1300818,672520,850,1319,1108661,192157,463786,208734,712,352
"851",1269,0,807566,851,1320,0,0,538699,268867,1074,195
"852",1823,0,391556,852,1321,0,0,205391,186165,658,1165
"853",956,0,600686,853,1322,0,0,369503,231183,643,313
"854",477,0,140996,854,1323,0,0,57625,83371,279,198
"855",348,446516,96931,855,1325,367259,79257,44410,52521,267,81
"856",407,446516,96931,856,1326,367259,79257,44410,52521,368,39
"857",457,446516,120129,857,1327,367259,79257,70444,49685,285,172
"858",1257,0,168032,858,1328,0,0,71978,96054,687,570
"859",588,2307188,664211,859,1332,1864347,442841,216093,448118,262,326
"860",746,1632089,328901,860,1333,1365029,267060,130875,198026,533,213
"861",549,1632089,680247,861,1334,1365029,267060,249492,430755,109,440
"862",975,420455,1316965,862,1336,282626,137829,647318,669647,819,156
"863",627,420455,1008522,863,1337,282626,137829,463140,545382,373,254
"864",752,674882,531165,864,1338,467763,207119,259201,271964,286,466
"865",806,1468158,1295761,865,1339,1210443,257715,619104,676657,726,80
"866",135,534687,254030,866,1340,450687,84000,153220,100810,70,65
"867",226,0,240312,867,1342,0,0,138026,102286,203,23
"868",386,840199,854382,868,1343,225148,615051,428594,425788,259,127
"869",260,0,590935,869,1344,0,0,418818,172117,197,63
"870",1457,2768976,463714,870,1346,2319104,449872,343799,119915,1432,25
"871",519,1300818,981187,871,1347,1108661,192157,419533,561654,484,35
"872",884,1300818,1260997,872,1348,1108661,192157,528690,732307,137,747
"873",334,0,547668,873,1349,0,0,335494,212174,277,57
"874",1327,1974333,537363,874,1351,1062373,911960,246668,290695,741,586
"875",315,674882,436100,875,1352,467763,207119,268411,167689,297,18
"876",236,1300818,1404370,876,1353,1108661,192157,685213,719157,230,6
"877",1247,0,597048,877,1354,0,0,284659,312389,301,946
"878",881,420455,690388,878,1355,282626,137829,376703,313685,675,206
"879",303,0,453463,879,1357,0,0,278940,174523,283,20
"880",435,0,578228,880,1358,0,0,430877,147351,324,111
"881",192,0,257825,881,1359,0,0,205384,52441,129,63
"882",227,0,673778,882,1360,0,0,519508,154270,183,44
"883",597,0,251480,883,1361,0,0,81926,169554,440,157
"884",807,674882,493922,884,1362,467763,207119,262131,231791,421,386
"885",877,1448215,412745,885,1363,779469,668746,198299,214446,690,187
"886",581,840199,999596,886,1364,225148,615051,507755,491841,420,161
"887",106,0,182835,887,1365,0,0,94858,87977,65,41
"888",191,0,105632,888,1366,0,0,56883,48749,130,61
"889",361,1300818,1211084,889,1367,1108661,192157,508537,702547,182,179
"890",481,420455,925211,890,1368,282626,137829,399272,525939,295,186
"891",439,2768976,819185,891,1369,2319104,449872,328800,490385,204,235
"892",209,0,95550,892,1370,0,0,52182,43368,123,86
"893",360,526118,314543,893,1372,282904,243214,146863,167680,120,240
"894",719,0,279739,894,1373,0,0,154244,125495,470,249
"895",1151,0,505284,895,1375,0,0,320310,184974,1036,115
"896",20,0,85386,896,1376,0,0,32588,52798,1,19
"897",36,0,148832,897,1377,0,0,59816,89016,14,22
"898",594,2414116,337307,898,1401,1986266,427850,179534,157773,495,99
"899",527,634431,338211,899,1402,454608,179823,221041,117170,214,313
"900",979,958016,335943,900,1403,799281,158735,226551,109392,604,375
"901",1488,1820343,531318,901,1404,1546050,274293,325982,205336,835,653
"902",777,449872,399465,902,1405,381969,67903,212191,187274,306,471
"903",72,253273,194039,903,1406,102748,150525,64207,129832,32,40
"904",514,1228543,283495,904,1407,988496,240047,188862,94633,298,216
"905",515,1838263,239562,905,1408,1487213,351050,159461,80101,383,132
"906",249,1163417,406297,906,1410,964744,198673,226702,179595,238,11
"907",330,1660495,784867,907,1411,1429302,231193,280595,504272,244,86
"908",156,862327,724717,908,1412,746769,115558,262653,462064,131,25
"909",428,0,437080,909,1413,0,0,105956,331124,214,214
"910",682,2025744,523679,910,1414,1711513,314231,304590,219089,470,212
"911",331,1660495,484214,911,1416,1429302,231193,188213,296001,121,210
"912",602,68714,171838,912,1418,30109,38605,159718,12120,596,6
"913",439,68714,533593,913,1420,30109,38605,235632,297961,305,134
"914",347,253273,238010,914,1421,102748,150525,179984,58026,55,292
"915",502,68714,116345,915,1422,30109,38605,106009,10336,478,24
"916",144,253273,194039,916,1424,102748,150525,64207,129832,15,129
"917",105,1651876,444134,917,1425,1386693,265183,306178,137956,67,38
"918",148,1699578,169828,918,1426,1370746,328832,111694,58134,127,21
"919",283,1699578,182858,919,1427,1370746,328832,118890,63968,267,16
"920",853,1228543,228650,920,1428,988496,240047,94424,134226,504,349
"921",325,958016,506551,921,1429,799281,158735,261513,245038,156,169
"922",717,449872,505433,922,1430,381969,67903,385723,119710,310,407
"923",558,518586,660769,923,1431,412078,106508,522326,138443,374,184
"924",1028,1511460,553122,924,1433,1288459,223001,296696,256426,615,413
"925",444,1163417,350808,925,1434,964744,198673,189646,161162,308,136
"926",118,253273,403788,926,1435,102748,150525,345868,57920,87,31
"927",511,253273,319725,927,1436,102748,150525,213015,106710,452,59
"928",165,1651876,313411,928,1437,1386693,265183,225249,88162,108,57
"929",2362,68714,435276,929,1438,30109,38605,144921,290355,592,1770
"930",435,1651876,279428,930,1440,1386693,265183,232226,47202,322,113
"931",1888,68714,165896,931,1441,30109,38605,150565,15331,1853,35
"932",596,958016,666372,932,1442,799281,158735,331378,334994,439,157
"933",165,449872,500954,933,1443,381969,67903,347808,153146,139,26
"934",684,910029,236841,934,1444,730822,179207,186580,50261,611,73
"935",324,1163417,258911,935,1445,964744,198673,153067,105844,99,225
"936",1175,1210623,326229,936,1446,1047333,163290,228434,97795,792,383
"937",776,1651876,571138,937,1447,1386693,265183,229771,341367,328,448
"938",531,1312199,425646,938,1448,1128738,183461,172410,253236,283,248
"939",1290,2270215,481027,939,1449,1928019,342196,185550,295477,488,802
"940",1092,675099,501472,940,1450,499318,175781,161435,340037,510,582
"941",755,702353,521458,941,1451,577269,125084,335501,185957,468,287
"942",913,0,292436,942,1452,0,0,240900,51536,800,113
"943",125,184559,233891,943,1453,72639,111920,95124,138767,91,34
"944",505,1163164,149455,944,1454,987895,175269,111041,38414,400,105
"945",937,2270215,491405,945,1455,1928019,342196,190738,300667,240,697
"946",660,449872,215531,946,1456,381969,67903,169531,46000,587,73
"947",504,862327,649017,947,1457,746769,115558,339461,309556,421,83
"948",762,449872,464423,948,1458,381969,67903,248956,215467,571,191
"949",284,449872,464423,949,1459,381969,67903,248956,215467,227,57
"950",706,0,399364,950,1501,0,0,167385,231979,430,276
"951",1644,0,1787989,951,1503,0,0,621107,1166882,399,1245
"952",529,0,235653,952,1504,0,0,168830,66823,457,72
"953",846,0,266373,953,1506,0,0,208736,57637,443,403
"954",434,0,492334,954,1509,0,0,358266,134068,341,93
"955",154,0,505997,955,1510,0,0,367646,138351,136,18
"956",123,0,590991,956,1511,0,0,456424,134567,51,72
"957",362,1926385,591364,957,1512,1729989,196396,332342,259022,263,99
"958",62,0,1776252,958,1513,0,0,616499,1159753,7,55
"959",512,0,1746384,959,1514,0,0,634126,1112258,160,352
"960",432,1468158,583321,960,1515,1210443,257715,350318,233003,347,85
"961",375,0,278294,961,1516,0,0,214580,63714,276,99
"962",276,0,415145,962,1518,0,0,335697,79448,217,59
"963",236,0,465421,963,1519,0,0,383376,82045,171,65
"964",349,0,1654504,964,1520,0,0,567900,1086604,141,208
"965",142,0,198132,965,1522,0,0,120294,77838,71,71
"966",272,0,466913,966,1525,0,0,204411,262502,165,107
"967",281,0,1779570,967,1526,0,0,688672,1090898,196,85
"968",395,0,632040,968,1527,0,0,314627,317413,151,244
"969",657,1468158,616318,969,1528,1210443,257715,506721,109597,604,53
"970",502,0,415834,970,1529,0,0,178925,236909,215,287
"971",379,0,512643,971,1530,0,0,310005,202638,213,166
"972",1315,1468158,1466437,972,1531,1210443,257715,462952,1003485,384,931
"973",429,0,625932,973,1532,0,0,416703,209229,319,110
"974",849,0,576301,974,1533,0,0,467574,108727,680,169
"975",380,0,185933,975,1534,0,0,148002,37931,115,265
"976",877,0,1493706,976,1535,0,0,501580,992126,388,489
"977",370,0,433819,977,1536,0,0,297973,135846,232,138
"978",137,0,111885,978,1537,0,0,65205,46680,83,54
"979",291,0,169111,979,1538,0,0,125306,43805,263,28
"980",559,0,260511,980,1539,0,0,172972,87539,397,162
"981",238,0,425016,981,1540,0,0,322350,102666,120,118
"982",187,0,272822,982,1541,0,0,211907,60915,176,11
"983",212,0,344334,983,1542,0,0,266363,77971,176,36
"984",191,0,369137,984,1543,0,0,236248,132889,140,51
"985",64,0,310047,985,1545,0,0,232379,77668,44,20
"986",289,1468158,1633059,986,1546,1210443,257715,594089,1038970,152,137
"987",346,1468158,142806,987,1547,1210443,257715,76541,66265,340,6
"988",105,0,129857,988,1548,0,0,114809,15048,83,22
"989",811,2841875,736484,989,1601,2315034,526841,270449,466035,266,545
"990",356,1720260,263577,990,1602,1448457,271803,114568,149009,121,235
"991",709,0,528213,991,1603,0,0,333389,194824,432,277
"992",528,2006264,313334,992,1605,1600730,405534,183922,129412,253,275
"993",433,2414116,322574,993,1606,1986266,427850,172183,150391,160,273
"994",1310,675099,383490,994,1608,499318,175781,210101,173389,564,746
"995",1254,675099,558691,995,1610,499318,175781,196793,361898,760,494
"996",670,0,348416,996,1611,0,0,199801,148615,218,452
"997",1715,1471577,652801,997,1616,1150043,321534,319469,333332,936,779
"998",618,2513340,482593,998,1617,1973523,539817,265814,216779,403,215
"999",757,0,583692,999,1619,0,0,386177,197515,326,431
"1000",957,1041763,425618,1000,1620,823480,218283,239373,186245,498,459
"1001",622,2513340,655324,1001,1623,1973523,539817,323254,332070,340,282
"1002",2706,1422449,589421,1002,1625,1216448,206001,200927,388494,1106,1600
"1003",149,1103933,256464,1003,1627,949719,154214,117937,138527,31,118
"1004",285,1663135,363241,1004,1628,1462899,200236,232977,130264,257,28
"1005",162,1103933,267225,1005,1630,949719,154214,127866,139359,65,97
"1006",841,2190221,84013,1006,1634,1864524,325697,66800,17213,730,111
"1007",310,767772,46182,1007,1635,648076,119696,37913,8269,272,38
"1008",1463,2688890,453359,1008,1636,2042371,646519,204204,249155,644,819
"1009",591,1647127,668459,1009,1637,1218891,428236,221905,446554,235,356
"1010",144,1103933,191803,1010,1639,949719,154214,71595,120208,96,48
"1011",635,1209786,165605,1011,1640,950005,259781,123029,42576,545,90
"1012",329,2395359,156221,1012,1641,1947775,447584,121309,34912,297,32
"1013",458,0,254564,1013,1642,0,0,152357,102207,374,84
"1014",574,2414116,346691,1014,1643,1986266,427850,182705,163986,188,386
"1015",189,227743,39389,1015,1646,196751,30992,4930,34459,96,93
"1016",559,2513340,437409,1016,1650,1973523,539817,209045,228364,395,164
"1017",706,1663135,333605,1017,1651,1462899,200236,263644,69961,337,369
"1018",62,1103933,196577,1018,1652,949719,154214,71591,124986,23,39
"1019",1162,1647127,569695,1019,1653,1218891,428236,168155,401540,399,763
"1020",299,2190221,295246,1020,1654,1864524,325697,104826,190420,196,103
"1021",1471,1135754,301581,1021,1655,914519,221235,180475,121106,1168,303
"1022",858,3069576,544909,1022,1656,2435339,634237,219656,325253,648,210
"1023",779,3240457,365519,1023,1657,2549851,690606,110430,255089,128,651
"1024",624,1041763,512095,1024,1659,823480,218283,354133,157962,400,224
"1025",420,1135754,303569,1025,1660,914519,221235,145002,158567,217,203
"1026",756,2688890,541278,1026,1661,2042371,646519,240789,300489,438,318
"1027",461,1647127,546000,1027,1662,1218891,428236,188903,357097,100,361
"1028",1121,2166776,403088,1028,1663,1815716,351060,206562,196526,632,489
"1029",255,1041763,389148,1029,1664,823480,218283,268540,120608,114,141
"1030",413,0,511763,1030,1665,0,0,322265,189498,231,182
"1031",904,3069576,459441,1031,1666,2435339,634237,222075,237366,768,136
"1032",1467,1422449,385715,1032,1667,1216448,206001,253996,131719,1274,193
"1033",2065,1041763,492473,1033,1668,823480,218283,198852,293621,535,1530
"1034",938,2177517,398060,1034,1669,1737999,439518,171626,226434,382,556
"1035",680,2177517,354245,1035,1670,1737999,439518,198426,155819,335,345
"1036",790,870510,541857,1036,1671,686211,184299,290008,251849,306,484
"1037",430,1157081,97671,1037,1672,1013010,144071,64884,32787,337,93
"1038",1330,1647127,666013,1038,1673,1218891,428236,210341,455672,429,901
"1039",833,3240457,389861,1039,1674,2549851,690606,125540,264321,233,600
"1040",288,870510,486468,1040,1675,686211,184299,251492,234976,240,48
"1041",260,0,204870,1041,1677,0,0,111770,93100,143,117
"1042",276,2688890,463437,1042,1678,2042371,646519,193228,270209,66,210
"1043",177,0,11324,1043,1679,0,0,3528,7796,107,70
"1044",40,0,32726,1044,1680,0,0,4689,28037,20,20
"1045",630,0,281568,1045,1681,0,0,200689,80879,582,48
"1046",750,1422449,383569,1046,1682,1216448,206001,139182,244387,657,93
"1047",1155,0,519059,1047,1683,0,0,347634,171425,873,282
"1048",806,2414116,347288,1048,1684,1986266,427850,180028,167260,297,509
"1049",980,0,464813,1049,1685,0,0,333633,131180,481,499
"1050",500,2518123,360515,1050,1686,1994824,523299,144739,215776,291,209
"1051",666,870996,382391,1051,1688,775933,95063,159042,223349,565,101
"1052",498,870996,387699,1052,1689,775933,95063,161819,225880,261,237
"1053",412,2518123,645612,1053,1690,1994824,523299,206536,439076,117,295
"1054",408,3940572,443948,1054,1691,3211272,729300,268475,175473,243,165
"1055",571,2293445,449939,1055,1692,1992381,301064,307458,142481,460,111
"1056",112,0,255429,1056,1693,0,0,196459,58970,79,33
"1057",589,1926739,224961,1057,1702,1613794,312945,125128,99833,290,299
"1058",298,1157081,345477,1058,1703,1013010,144071,108790,236687,43,255
"1059",554,525569,454473,1059,1705,422720,102849,339948,114525,290,264
"1060",393,525569,408895,1060,1706,422720,102849,285045,123850,242,151
"1061",529,3519715,519636,1061,1707,3060949,458766,241839,277797,278,251
"1062",552,1593330,641965,1062,1708,1330960,262370,431073,210892,376,176
"1063",981,1926385,1082151,1063,1709,1729989,196396,224233,857918,331,650
"1065",407,1926385,329181,1065,1713,1729989,196396,270484,58697,274,133
"1066",100,3853124,167562,1066,1714,3343783,509341,126055,41507,42,58
"1067",165,0,211605,1067,1715,0,0,131814,79791,98,67
"1068",554,3240457,598036,1068,1716,2549851,690606,187036,411000,192,362
"1069",142,3240457,511268,1069,1717,2549851,690606,150359,360909,63,79
"1070",371,837363,336891,1070,1719,685473,151890,233807,103084,226,145
"1071",577,1396565,310385,1071,1720,1198653,197912,249730,60655,155,422
"1072",2031,1926739,629431,1072,1721,1613794,312945,206611,422820,453,1578
"1073",375,1593330,559695,1073,1722,1330960,262370,235444,324251,153,222
"1074",550,0,393211,1074,1723,0,0,345359,47852,385,165
"1075",568,3853124,89411,1075,1725,3343783,509341,60767,28644,504,64
"1076",970,0,642868,1076,1726,0,0,515232,127636,931,39
"1077",186,311794,96682,1077,1727,262753,49041,62594,34088,116,70
"1078",49,1103933,175622,1078,1728,949719,154214,114201,61421,25,24
"1079",337,1468875,210214,1079,1729,1275763,193112,122513,87701,271,66
"1080",119,1468875,438257,1080,1730,1275763,193112,191773,246484,37,82
"1081",122,1468875,409374,1081,1731,1275763,193112,184585,224789,41,81
"1082",122,525569,332367,1082,1732,422720,102849,234874,97493,68,54
"1083",528,525569,527609,1083,1733,422720,102849,401281,126328,348,180
"1084",1099,0,672508,1084,1734,0,0,543337,129171,1044,55
"1085",195,1103933,190729,1085,1735,949719,154214,111214,79515,107,88
"1086",158,3519715,706496,1086,1736,3060949,458766,233162,473334,110,48
"1087",569,0,491199,1087,1737,0,0,423740,67459,459,110
"1088",911,1926739,218060,1088,1738,1613794,312945,126811,91249,746,165
"1090",717,1926385,1200558,1090,1741,1729989,196396,394554,806004,375,342
"1091",479,0,324109,1091,1742,0,0,285875,38234,406,73
"1092",929,1002504,372593,1092,1804,538318,464186,144464,228129,695,234
"1093",538,2878995,535210,1093,1805,846550,2032445,232818,302392,347,191
"1094",313,2878995,193854,1094,1806,846550,2032445,83635,110219,51,262
"1095",1664,3153323,358857,1095,1808,978603,2174720,137039,221818,80,1584
"1096",777,1002504,165454,1096,1809,538318,464186,59888,105566,150,627
"1097",194,2878995,585709,1097,1812,846550,2032445,219094,366615,45,149
"1098",544,1002504,968124,1098,1814,538318,464186,612191,355933,465,79
"1099",101,0,287190,1099,1816,0,0,167486,119704,68,33
"1100",850,799891,688890,1100,1819,606797,193094,371353,317537,89,761
"1101",98,734501,309843,1101,1820,550410,184091,187200,122643,41,57
"1102",224,799891,809482,1102,1821,606797,193094,528755,280727,112,112
"1103",315,799891,683494,1103,1822,606797,193094,428743,254751,247,68
"1104",310,799891,567577,1104,1823,606797,193094,278782,288795,289,21
"1105",1123,1002504,140391,1105,1824,538318,464186,72503,67888,939,184
"1106",239,799891,348515,1106,1825,606797,193094,161409,187106,218,21
"1107",1051,799891,167096,1107,1826,606797,193094,144405,22691,998,53
"1108",2313,799891,499358,1108,1827,606797,193094,251189,248169,890,1423
"1109",569,0,810276,1109,1828,0,0,537875,272401,486,83
"1110",356,1002504,675596,1110,1829,538318,464186,403454,272142,225,131
"1111",1069,1002504,634939,1111,1830,538318,464186,371349,263590,737,332
"1112",406,0,938652,1112,1831,0,0,576385,362267,259,147
"1113",870,1002504,409196,1113,1833,538318,464186,161189,248007,514,356
"1114",1582,2150819,654745,1114,1834,440285,1710534,250611,404134,226,1356
"1115",503,2150819,662644,1115,1835,440285,1710534,227332,435312,158,345
"1116",74,0,37166,1116,1836,0,0,27044,10122,57,17
"1117",809,2150819,545084,1117,1839,440285,1710534,217524,327560,47,762
"1118",550,3153323,362331,1118,1840,978603,2174720,202895,159436,191,359
"1119",1214,2150819,707363,1119,1841,440285,1710534,439568,267795,936,278
"1120",481,0,507130,1120,1842,0,0,446917,60213,467,14
"1121",877,0,552849,1121,1843,0,0,376565,176284,660,217
"1122",287,1802395,177278,1122,1845,1145115,657280,141873,35405,253,34
"1123",719,1802395,742818,1123,1846,1145115,657280,418284,324534,659,60
"1124",194,1802395,268820,1124,1847,1145115,657280,219478,49342,182,12
"1125",687,2150819,461793,1125,1848,440285,1710534,167008,294785,51,636
"1126",218,2878995,711421,1126,1849,846550,2032445,297536,413885,107,111
"1127",305,2878995,782852,1127,1850,846550,2032445,321682,461170,77,228
"1128",1938,2878995,540025,1128,1851,846550,2032445,214875,325150,1004,934
"1129",239,0,508122,1129,1852,0,0,366749,141373,210,29
"1130",183,1002504,994336,1130,1853,538318,464186,618289,376047,173,10
"1131",782,2745425,649877,1131,1854,1847501,897924,387755,262122,772,10
"1132",216,799891,325185,1132,1855,606797,193094,199385,125800,82,134
"1133",454,2745425,667970,1133,1856,1847501,897924,427077,240893,402,52
"1134",475,1802395,237064,1134,1857,1145115,657280,197196,39868,464,11
"1135",183,734501,341004,1135,1858,550410,184091,179404,161600,128,55
"1136",226,1002504,379657,1136,1859,538318,464186,138445,241212,51,175
"1137",828,1002632,452235,1137,1901,538610,464022,224313,227922,677,151
"1138",1661,2677894,127742,1138,1904,1988189,689705,105866,21876,818,843
"1139",2882,2677894,1216410,1139,1906,1988189,689705,305566,910844,1253,1629
"1140",900,457071,300009,1140,1907,356298,100773,206884,93125,835,65
"1141",1573,457071,178040,1141,1908,356298,100773,128843,49197,840,733
"1142",185,907234,646559,1142,1910,501829,405405,345152,301407,162,23
"1143",3504,2745425,1740767,1143,1911,1847501,897924,469327,1271440,1270,2234
"1144",919,728176,192345,1144,1912,406265,321911,125443,66902,722,197
"1145",469,728176,450583,1145,1913,406265,321911,196761,253822,378,91
"1146",1501,0,542683,1146,1914,0,0,225632,317051,585,916
"1147",153,728176,565984,1147,1916,406265,321911,261283,304701,75,78
"1148",491,3489730,812032,1148,1920,2453237,1036493,270579,541453,252,239
"1149",704,2745425,667398,1149,1924,1847501,897924,402597,264801,593,111
"1150",1068,1922156,266603,1150,1925,1609289,312867,157628,108975,644,424
"1151",673,457071,262716,1151,1928,356298,100773,154040,108676,418,255
"1152",645,0,307022,1152,1929,0,0,257939,49083,433,212
"1153",329,2197486,523543,1153,1930,1896362,301124,267237,256306,244,85
"1154",1119,1465085,1279606,1154,1931,1252991,212094,530161,749445,499,620
"1155",1039,732401,528965,1155,1933,643371,89030,431321,97644,956,83
"1156",199,1465085,1272167,1156,1936,1252991,212094,526852,745315,112,87
"1157",539,1417469,286309,1157,1937,1195568,221901,235381,50928,511,28
"1158",804,1327503,334477,1158,1941,1148273,179230,215425,119052,276,528
"1159",100,0,519888,1159,1943,0,0,187244,332644,77,23
"1160",1345,907234,676738,1160,1946,501829,405405,326260,350478,340,1005
"1161",576,595102,205996,1161,1951,504902,90200,164621,41375,551,25
"1162",751,2012571,86990,1162,1952,1700470,312101,67018,19972,410,341
"1163",396,595102,260107,1163,1953,504902,90200,99808,160299,237,159
"1164",1119,2745425,1713029,1164,1955,1847501,897924,487217,1225812,444,675
"1165",626,3585128,147423,1165,1956,2490018,1095110,97778,49645,450,176
"1166",1238,457071,277150,1166,1957,356298,100773,197824,79326,1080,158
"1167",479,0,640977,1167,1958,0,0,312123,328854,282,197
"1168",635,907234,606972,1168,1959,501829,405405,307183,299789,395,240
"1169",1272,3489730,415477,1169,1960,2453237,1036493,199848,215629,773,499
"1170",2832,2582496,1269552,1170,1961,1951408,631088,348076,921476,745,2087
"1171",634,5624420,397266,1171,1962,2694051,2930369,156036,241230,305,329
"1172",397,1922156,422148,1172,1964,1609289,312867,239618,182530,101,296
"1173",443,1465085,1160750,1173,1965,1252991,212094,446137,714613,360,83
"1174",866,1922156,894097,1174,1966,1609289,312867,322885,571212,631,235
"1175",456,0,448188,1175,1967,0,0,341369,106819,162,294
"1176",380,732401,511964,1176,1968,643371,89030,372224,139740,354,26
"1177",78,0,254100,1177,1969,0,0,78425,175675,32,46
"1178",96,0,679901,1178,1971,0,0,269380,410521,78,18
"1179",282,595102,239928,1179,1973,504902,90200,91553,148375,276,6
"1180",453,3489730,439349,1180,1974,2453237,1036493,207056,232293,263,190
"1181",1072,728176,446367,1181,1975,406265,321911,172255,274112,468,604
"1182",289,2878995,401078,1182,1976,846550,2032445,230493,170585,252,37
"1183",1050,595102,252107,1183,1977,504902,90200,93721,158386,123,927
"1184",288,457071,264211,1184,1979,356298,100773,182351,81860,243,45
"1185",1245,595102,162158,1185,1981,504902,90200,134954,27204,875,370
"1186",298,3489730,635360,1186,1983,2453237,1036493,297064,338296,190,108
"1187",910,0,461946,1187,1984,0,0,267293,194653,301,609
"1188",2119,0,490314,1188,1985,0,0,257455,232859,1224,895
"1189",1377,3473601,193111,1189,1986,2253766,1219835,60590,132521,209,1168
"1190",968,1465085,491597,1190,1987,1252991,212094,215260,276337,920,48
"1191",1313,480994,503926,1191,1988,410769,70225,406985,96941,1117,196
"1192",750,732401,547718,1192,1991,643371,89030,392102,155616,494,256
"1193",38,595102,335141,1193,1992,504902,90200,201543,133598,18,20
"1194",370,595102,258829,1194,1993,504902,90200,146945,111884,271,99
"1195",715,457071,440307,1195,1994,356298,100773,214881,225426,411,304
"1196",977,457071,99103,1196,1996,356298,100773,59887,39216,741,236
"1197",304,457071,444343,1197,1998,356298,100773,208925,235418,59,245
"1198",140,0,488117,1198,1999,0,0,263853,224264,79,61
"1199",322,3624674,694208,1199,2000,2540917,1083757,228888,465320,239,83
"1200",1981,2145490,362185,1200,2002,1214501,930989,206261,155924,1432,549
"1201",719,2145490,641951,1201,2003,1214501,930989,322275,319676,194,525
"1202",1213,3481208,641994,1202,2007,1880608,1600600,277848,364146,591,622
"1203",306,1064613,870827,1203,2008,469058,595555,502967,367860,281,25
"1204",588,1907432,674942,1204,2009,1349040,558392,379935,295007,353,235
"1205",218,4198815,398527,1205,2012,3059197,1139618,200454,198073,177,41
"1206",1483,2924867,564976,1206,2013,1820923,1103944,378564,186412,1280,203
"1207",1263,1313885,760943,1207,2015,896657,417228,503758,257185,996,267
"1208",746,1313885,887075,1208,2016,896657,417228,565407,321668,468,278
"1209",614,1023026,626673,1209,2020,814931,208095,422689,203984,452,162
"1210",463,1023026,639612,1210,2024,814931,208095,409080,230532,361,102
"1211",1458,243649,461925,1211,2025,208509,35140,262136,199789,861,597
"1212",313,0,532081,1212,2026,0,0,325891,206190,124,189
"1213",476,243649,357352,1213,2027,208509,35140,165657,191695,262,214
"1215",1493,4304762,679461,1215,2032,2992680,1312082,347692,331769,264,1229
"1216",345,4304762,558244,1216,2033,2992680,1312082,205954,352290,196,149
"1217",397,2876841,647722,1217,2034,1880654,996187,276251,371471,166,231
"1218",222,952492,401055,1218,2036,678769,273723,257980,143075,131,91
"1219",184,99153,74414,1219,2037,58621,40532,26288,48126,113,71
"1220",160,0,83140,1220,2038,0,0,32592,50548,13,147
"1221",57,0,248276,1221,2040,0,0,201640,46636,46,11
"1222",349,574582,415109,1222,2041,491878,82704,315366,99743,319,30
"1223",1370,1427921,251497,1223,2048,1112026,315895,219919,31578,1352,18
"1224",3220,2416595,1327448,1224,2050,1411550,1005045,304710,1022738,913,2307
"1225",1329,3168516,1267815,1225,2054,2029432,1139084,398387,869428,1153,176
"1226",1483,2538141,416937,1226,2056,1912439,625702,283966,132971,1101,382
"1227",283,1023026,518641,1227,2057,814931,208095,375322,143319,258,25
"1228",1369,2145490,1369711,1228,2058,1214501,930989,333517,1036194,562,807
"1229",735,1907432,511230,1229,2059,1349040,558392,282700,228530,300,435
"1230",536,1427921,297927,1230,2060,1112026,315895,195806,102121,381,155
"1231",55,0,248276,1231,2061,0,0,201640,46636,40,15
"1232",314,574582,415109,1232,2062,491878,82704,315366,99743,292,22
"1233",1677,4892917,968275,1233,2063,1144933,3747984,566472,401803,483,1194
"1234",111,0,392689,1234,2064,0,0,244530,148159,104,7
"1235",1065,1064613,1073910,1235,2065,469058,595555,624051,449859,660,405
"1236",1674,4198815,404837,1236,2066,3059197,1139618,206028,198809,546,1128
"1237",553,1907432,514567,1237,2067,1349040,558392,263862,250705,346,207
"1238",69,574582,311113,1238,2068,491878,82704,258073,53040,66,3
"1239",224,508272,571581,1239,2069,409373,98899,342344,229237,152,72
"1240",608,2145490,1369711,1240,2070,1214501,930989,333517,1036194,174,434
"1241",433,1427921,363972,1241,2071,1112026,315895,295377,68595,427,6
"1242",2620,3296962,2246563,1242,2102,2837707,459255,608706,1637857,950,1670
"1243",1087,1453390,140697,1243,2103,1211696,241694,97778,42919,946,141
"1244",769,2876841,640422,1244,2104,1880654,996187,274971,365451,300,469
"1245",837,1453390,747898,1245,2105,1211696,241694,453538,294360,700,137
"1246",1398,0,756637,1246,2106,0,0,623782,132855,1228,170
"1247",2729,1212947,641154,1247,2107,1036992,175955,509726,131428,2489,240
"1248",424,1212947,619358,1248,2108,1036992,175955,276621,342737,258,166
"1249",1537,4509909,382911,1249,2109,3874699,635210,250401,132510,1402,135
"1250",364,2745425,1916125,1250,2110,1847501,897924,583300,1332825,134,230
"1251",154,0,1384276,1251,2111,0,0,588063,796213,72,82
"1252",252,1212947,1243472,1252,2112,1036992,175955,510583,732889,104,148
"1253",353,4198815,1710081,1253,2113,3059197,1139618,474427,1235654,224,129
"1254",790,2745425,1162527,1254,2115,1847501,897924,445706,716821,600,190
"1255",91,1212947,1240348,1255,2116,1036992,175955,514045,726303,58,33
"1256",555,0,1114541,1256,2119,0,0,628540,486001,326,229
"1257",372,1347079,573749,1257,2122,1080918,266161,293038,280711,282,90
"1258",450,0,390488,1258,2127,0,0,337572,52916,439,11
"1259",166,0,1300316,1259,2128,0,0,543927,756389,34,132
"1260",350,0,52220,1260,2129,0,0,23390,28830,146,204
"1261",95,1347079,58456,1261,2130,1080918,266161,16299,42157,44,51
"1262",1422,3296962,2294293,1262,2135,2837707,459255,657986,1636307,276,1146
"1263",1149,3296962,2302301,1263,2136,2837707,459255,664556,1637745,305,844
"1264",268,4509909,401969,1264,2137,3874699,635210,250422,151547,139,129
"1265",1766,0,952085,1265,2139,0,0,684980,267105,1532,234
"1266",1388,4509909,763461,1266,2140,3874699,635210,396530,366931,1228,160
"1267",257,0,760424,1267,2141,0,0,549568,210856,190,67
"1268",508,0,628556,1268,2143,0,0,465945,162611,447,61
"1269",674,0,640152,1269,2144,0,0,453592,186560,585,89
"1270",471,1212947,940631,1270,2145,1036992,175955,527009,413622,417,54
"1271",625,1347079,567757,1271,2148,1080918,266161,266269,301488,351,274
"1273",387,4198815,601658,1273,2156,3059197,1139618,375696,225962,260,127
"1275",466,1347079,398661,1275,2159,1080918,266161,178097,220564,341,125
"1276",227,1212947,958785,1276,2160,1036992,175955,388567,570218,98,129
"1277",397,4509909,2223579,1277,2164,3874699,635210,727321,1496258,174,223
"1278",172,1347079,548231,1278,2165,1080918,266161,254591,293640,128,44
"1279",229,1347079,548231,1279,2167,1080918,266161,254591,293640,145,84
"1280",525,1212947,536166,1280,2169,1036992,175955,232274,303892,264,261
"1281",547,1453390,558958,1281,2170,1211696,241694,339877,219081,398,149
"1282",335,1212947,1388541,1282,2171,1036992,175955,593677,794864,100,235
"1283",150,0,380690,1283,2172,0,0,250096,130594,73,77
"1284",1372,3296962,749461,1284,2173,2837707,459255,406722,342739,659,713
"1285",439,3296962,963762,1285,2174,2837707,459255,526329,437433,364,75
"1286",106,3296962,2194556,1286,2175,2837707,459255,720835,1473721,77,29
"1287",552,1453390,506618,1287,2176,1211696,241694,156065,350553,406,146
"1288",4035,1453390,514119,1288,2177,1211696,241694,134816,379303,1076,2959
"1289",338,0,152226,1289,2178,0,0,58029,94197,58,280
"1290",357,1212947,575142,1290,2179,1036992,175955,258333,316809,199,158
"1291",394,3296962,1914750,1291,2180,2837707,459255,663280,1251470,284,110
"1292",3686,0,878791,1292,2183,0,0,643314,235477,2723,963
"1293",308,1212947,737029,1293,2184,1036992,175955,538495,198534,212,96
"1294",175,0,600693,1294,2185,0,0,460424,140269,152,23
"1295",134,0,19919,1295,2201,0,0,15043,4876,75,59
"1296",3387,0,31442,1296,2202,0,0,23022,8420,717,2670
"1297",179,0,36345,1297,2203,0,0,25330,11015,35,144
"1298",1397,0,148631,1298,2205,0,0,120496,28135,1220,177
"1299",2056,0,147178,1299,2206,0,0,119154,28024,1641,415
"1300",194,0,100992,1300,2207,0,0,82005,18987,74,120
"1301",201,3541668,291506,1301,2210,1254183,2287485,183578,107928,81,120
"1302",345,2558424,183796,1302,2211,902064,1656360,99287,84509,213,132
"1303",192,4031658,145023,1303,2212,1210543,2821115,92260,52763,144,48
"1304",674,2278772,541891,1304,2213,740504,1538268,193231,348660,298,376
"1305",300,2377925,264139,1305,2214,799125,1578800,125146,138993,182,118
"1306",368,2377925,317931,1306,2215,799125,1578800,155523,162408,154,214
"1307",1065,2719332,134043,1307,2217,1017149,1702183,92742,41301,685,380
"1308",1596,2869955,710967,1308,2219,1085054,1784901,326474,384493,821,775
"1309",1426,249776,330506,1309,2220,126526,123250,178029,152477,759,667
"1310",429,1184502,278927,1310,2221,562492,622010,179080,99847,270,159
"1311",1617,3730180,772245,1311,2222,2500802,1229378,358554,413691,246,1371
"1312",150,2876841,315357,1312,2223,1880654,996187,142115,173242,69,81
"1313",102,686803,124055,1313,2225,335961,350842,46012,78043,91,11
"1314",67,686803,85792,1314,2226,335961,350842,51934,33858,62,5
"1315",634,2037841,314847,1315,2227,1182640,855201,209320,105527,307,327
"1316",781,1351038,638680,1316,2228,846679,504359,379607,259073,584,197
"1317",149,1351038,617111,1317,2229,846679,504359,330978,286133,129,20
"1318",766,1351038,663721,1318,2230,846679,504359,339908,323813,423,343
"1319",1753,3601383,1081911,1319,2231,981078,2620305,538226,543685,394,1359
"1320",871,2637383,213935,1320,2233,572730,2064653,130321,83614,712,159
"1321",301,686803,473788,1321,2235,335961,350842,219067,254721,178,123
"1322",531,0,357903,1322,2237,0,0,148297,209606,380,151
"1323",230,826647,254580,1323,2239,196624,630023,125031,129549,64,166
"1324",142,430552,571142,1324,2241,195194,235358,295835,275307,52,90
"1325",1683,0,1242695,1325,2242,0,0,630256,612439,766,917
"1326",849,0,1176814,1326,2243,0,0,591714,585100,339,510
"1327",590,0,346172,1327,2244,0,0,121949,224223,230,360
"1328",462,0,103197,1328,2245,0,0,65001,38196,350,112
"1329",870,0,221098,1329,2246,0,0,150357,70741,172,698
"1330",2147,0,256735,1330,2247,0,0,173696,83039,1846,301
"1331",1054,0,197601,1331,2248,0,0,137753,59848,640,414
"1332",509,0,132835,1332,2249,0,0,106456,26379,483,26
"1333",797,0,132873,1333,2250,0,0,105936,26937,741,56
"1334",552,0,298874,1334,2251,0,0,186534,112340,277,275
"1335",1550,0,66119,1335,2252,0,0,34720,31399,412,1138
"1336",2386,0,395210,1336,2255,0,0,227879,167331,906,1480
"1337",757,0,381173,1337,2256,0,0,195396,185777,158,599
"1338",552,0,301909,1338,2257,0,0,35028,266881,86,466
"1339",277,0,285841,1339,2258,0,0,209859,75982,246,31
"1340",517,1943199,151741,1340,2259,634087,1309112,113462,38279,336,181
"1341",1022,1283266,170943,1341,2262,508813,774453,133469,37474,782,240
"1342",811,0,139887,1342,2263,0,0,94797,45090,516,295
"1343",1129,1351038,613408,1343,2264,846679,504359,322258,291150,588,541
"1344",729,952492,424246,1344,2265,678769,273723,272213,152033,430,299
"1345",518,826647,258061,1345,2266,196624,630023,145307,112754,364,154
"1346",314,4423719,909021,1346,2268,1218112,3205607,553608,355413,189,125
"1347",364,2105602,299960,1347,2269,745847,1359755,165510,134450,184,180
"1348",330,0,35246,1348,2270,0,0,26220,9026,271,59
"1349",393,1184502,235652,1349,2271,562492,622010,158820,76832,310,83
"1350",175,826647,342922,1350,2272,196624,630023,183552,159370,115,60
"1351",499,0,346172,1351,2273,0,0,121949,224223,144,355
"1352",919,0,392134,1352,2274,0,0,227387,164747,473,446
"1353",41,0,187223,1353,2275,0,0,22008,165215,30,11
"1354",476,0,269259,1354,2276,0,0,114770,154489,155,321
"1355",455,1943199,320947,1355,2277,634087,1309112,162689,158258,342,113
"1356",656,826647,239545,1356,2279,196624,630023,122162,117383,235,421
"1357",506,826647,355128,1357,2280,196624,630023,156865,198263,279,227
"1358",232,2876841,667959,1358,2281,1880654,996187,290386,377573,134,98
"1359",122,686803,151702,1359,2282,335961,350842,90037,61665,99,23
"1360",170,2037841,225659,1360,2283,1182640,855201,160078,65581,158,12
"1361",137,94786,93480,1361,2284,43456,51330,66980,26500,55,82
"1362",997,0,100072,1362,2285,0,0,80352,19720,911,86
"1363",140,0,71103,1363,2286,0,0,54393,16710,139,1
"1364",25,0,100310,1364,2287,0,0,66934,33376,1,24
"1365",61,0,103176,1365,2288,0,0,82601,20575,57,4
"1366",73,94786,93480,1366,2289,43456,51330,66980,26500,66,7
"1367",421,2278772,199077,1367,2290,740504,1538268,66571,132506,223,198
"1368",251,2637383,447513,1368,2292,572730,2064653,208073,239440,197,54
"1369",427,430552,1142333,1369,2293,195194,235358,596131,546202,159,268
"1370",511,0,477515,1370,2294,0,0,285575,191940,413,98
"1371",449,826647,381793,1371,2297,196624,630023,178691,203102,300,149
"1372",316,4423719,875005,1372,2298,1218112,3205607,544633,330372,208,108
"1373",869,0,432873,1373,2299,0,0,187212,245661,566,303
"1374",428,1531717,166156,1374,2301,380337,1151380,78058,88098,215,213
"1375",635,4657218,844641,1375,2302,1289232,3367986,541935,302706,326,309
"1376",391,3764177,792003,1376,2303,1266467,2497710,440730,351273,246,145
"1377",110,2121559,162174,1377,2304,530873,1590686,74267,87907,86,24
"1378",266,2573234,234209,1378,2305,580239,1992995,66435,167774,78,188
"1379",809,839634,443928,1379,2306,216074,623560,211433,232495,348,461
"1380",223,1175606,302137,1380,2307,285787,889819,138768,163369,93,130
"1381",329,1175606,475482,1381,2308,285787,889819,232145,243337,239,90
"1382",319,1750905,328340,1382,2309,401447,1349458,228634,99706,226,93
"1383",190,1039025,253330,1383,2310,251893,787132,83970,169360,63,127
"1384",144,2071938,347137,1384,2311,501392,1570546,208979,138158,130,14
"1385",208,1561997,450092,1385,2312,339932,1222065,303029,147063,128,80
"1386",493,878453,217809,1386,2313,153911,724542,95153,122656,127,366
"1387",285,1392598,259388,1387,2314,274576,1118022,157769,101619,161,124
"1388",1063,1561997,516287,1388,2315,339932,1222065,209232,307055,386,677
"1389",850,1395740,694522,1389,2316,564800,830940,268877,425645,247,603
"1390",813,1226341,44034,1390,2317,499444,726897,16947,27087,330,483
"1391",401,1561997,336972,1391,2318,339932,1222065,145098,191874,169,232
"1392",308,2806370,597702,1392,2319,525217,2281153,221297,376405,109,199
"1393",758,1954293,270672,1393,2320,962258,992035,110519,160153,362,396
"1394",384,1559130,189648,1394,2321,966924,592206,142203,47445,322,62
"1395",407,1226341,808114,1395,2322,499444,726897,276967,531147,96,311
"1396",119,684313,230680,1396,2323,404752,279561,112941,117739,24,95
"1397",541,684313,261984,1397,2324,404752,279561,137021,124963,368,173
"1398",577,1664374,374555,1398,2325,835540,828834,238433,136122,337,240
"1399",202,3235492,310926,1399,2326,951080,2284412,152477,158449,147,55
"1400",853,2637383,807851,1400,2327,572730,2064653,320202,487649,344,509
"1401",712,4564140,264863,1401,2328,780314,3783826,61332,203531,163,549
"1402",222,4564140,331513,1402,2329,780314,3783826,86965,244548,61,161
"1403",446,2147935,331586,1403,2330,399891,1748044,190843,140743,255,191
"1404",651,4365603,281558,1404,2331,801993,3563610,133874,147684,272,379
"1405",778,3138652,613438,1405,2332,762597,2376055,298717,314721,340,438
"1406",1220,0,1247831,1406,2333,0,0,633602,614229,994,226
"1407",349,1507654,290128,1407,2334,676950,830704,151722,138406,103,246
"1408",463,982260,196069,1408,2335,418850,563410,89501,106568,140,323
"1409",217,1507654,328297,1409,2336,676950,830704,182787,145510,117,100
"1410",515,1559130,137162,1410,2337,966924,592206,103015,34147,323,192
"1411",333,1113621,91843,1411,2339,455375,658246,63442,28401,299,34
"1412",698,0,395543,1412,2340,0,0,214661,180882,288,410
"1413",178,614666,321792,1413,2341,289786,324880,208254,113538,127,51
"1414",1065,813300,180569,1414,2342,522947,290353,97473,83096,490,575
"1415",66,0,170383,1415,2343,0,0,117594,52789,10,56
"1416",608,0,243008,1416,2344,0,0,204761,38247,454,154
"1417",371,1397628,300635,1417,2347,294452,1103176,127006,173629,320,51
"1418",1781,2806370,462921,1418,2348,525217,2281153,107115,355806,173,1608
"1419",430,4073708,423938,1419,2349,615013,3458695,152244,271694,251,179
"1420",117,1507654,347848,1420,2350,676950,830704,188035,159813,96,21
"1421",148,614666,264496,1421,2351,289786,324880,185605,78891,108,40
"1422",115,1397628,220679,1422,2352,294452,1103176,86507,134172,61,54
"1423",305,1888060,274965,1423,2353,459753,1428307,170795,104170,231,74
"1424",302,1561997,450092,1424,2354,339932,1222065,303029,147063,96,206
"1425",717,683544,726595,1425,2355,186021,497523,269153,457442,241,476
"1426",270,2241337,367487,1426,2356,566748,1674589,264530,102957,134,136
"1427",368,4073708,346887,1427,2357,615013,3458695,91102,255785,282,86
"1428",88,561913,103057,1428,2358,231719,330194,72254,30803,57,31
"1429",532,0,450070,1429,2359,0,0,275150,174920,460,72
"1430",377,2147935,349582,1430,2360,399891,1748044,194120,155462,217,160
"1431",115,839634,443928,1431,2361,216074,623560,211433,232495,55,60
"1432",168,2046591,384602,1432,2362,401809,1644782,178362,206240,78,90
"1433",109,2226292,158297,1433,2363,492609,1733683,48113,110184,46,63
"1434",380,2237262,187210,1434,2364,510526,1726736,48205,139005,165,215
"1435",147,1878659,227583,1435,2365,467967,1410692,61528,166055,30,117
"1436",183,430552,287261,1436,2368,195194,235358,165988,121273,136,47
"1437",481,2292225,708485,1437,2369,404552,1887673,280233,428252,299,182
"1438",319,3787200,416729,1438,2370,1174736,2612464,233430,183299,175,144
"1439",117,2121559,320297,1439,2371,530873,1590686,200992,119305,99,18
"1440",609,2218800,284022,1440,2372,1130805,1087995,169080,114942,354,255
"1441",427,1693406,253373,1441,2373,872705,820701,129400,123973,311,116
"1442",489,1506453,657800,1442,2375,790176,716277,186017,471783,136,353
"1443",153,1506453,657800,1443,2376,790176,716277,186017,471783,28,125
"1444",1907,1506453,647944,1444,2377,790176,716277,177641,470303,443,1464
"1445",317,4364163,100891,1445,2380,905944,3458219,58237,42654,234,83
"1446",284,4099889,214089,1446,2381,961738,3138151,78214,135875,127,157
"1447",114,2648220,533922,1447,2382,597296,2050924,325246,208676,57,57
"1448",93,0,195332,1448,2383,0,0,164120,31212,87,6
"1449",1398,0,314950,1449,2384,0,0,234463,80487,1146,252
"1450",437,2280090,291587,1450,2385,472929,1807161,185810,105777,298,139
"1452",911,0,173435,1452,2387,0,0,138942,34493,764,147
"1453",220,2755482,358656,1453,2388,687413,2068069,252571,106085,197,23
"1454",244,1044657,226657,1454,2389,598081,446576,106306,120351,107,137
"1455",131,289919,104533,1455,2390,126718,163201,75680,28853,97,34
"1456",31,0,41480,1456,2391,0,0,31067,10413,12,19
"1457",143,0,84369,1457,2392,0,0,61807,22562,121,22
"1458",29,0,287801,1458,2393,0,0,209504,78297,26,3
"1459",1,131361,127237,1459,2394,36525,94836,94437,32800,1,0
"1460",91,131361,112581,1460,2395,36525,94836,81763,30818,87,4
"1461",314,1113621,158446,1461,2396,455375,658246,72902,85544,107,207
"1462",444,5258715,234669,1462,2398,892586,4366129,97598,137071,278,166
"1463",388,1163459,344425,1463,2401,644186,519273,175730,168695,98,290
"1464",84,971858,131806,1464,2403,613140,358718,99504,32302,77,7
"1465",308,1559130,145007,1465,2404,966924,592206,109414,35593,210,98
"1466",599,2265050,318573,1466,2405,522112,1742938,222580,95993,560,39
"1467",46,2046591,424778,1467,2406,401809,1644782,189752,235026,18,28
"1468",497,5318766,1030171,1468,2407,1185775,4132991,499940,530231,219,278
"1469",261,0,58190,1469,2408,0,0,50657,7533,241,20
"1470",518,2637383,1016590,1470,2409,572730,2064653,412505,604085,216,302
"1471",398,5552265,479896,1471,2410,1256895,4295370,186595,293301,99,299
"1472",297,0,70512,1472,2411,0,0,60074,10438,265,32
"1473",829,1163459,231001,1473,2412,644186,519273,144234,86767,532,297
"1474",1053,0,32817,1474,2501,0,0,24296,8521,999,54
"1475",273,826647,305195,1475,2502,196624,630023,153601,151594,108,165
"1476",470,4691591,759716,1476,2503,1335817,3355774,452302,307414,236,234
"1477",241,1675327,466655,1477,2504,516382,1158945,225152,241503,124,117
"1478",639,2637383,1089342,1478,2505,572730,2064653,446761,642581,286,353
"1479",228,4061343,260295,1479,2506,2443146,1618197,172835,87460,224,4
"1480",458,430552,470052,1480,2508,195194,235358,198548,271504,203,255
"1481",237,249776,365341,1481,2509,126526,123250,202650,162691,106,131
"1482",107,0,160022,1482,2510,0,0,69512,90510,67,40
"1483",235,4304762,640662,1483,2511,2992680,1312082,318863,321799,166,69
"1484",1169,568385,158806,1484,2601,428075,140310,126147,32659,1006,163
"1485",395,1596360,480610,1485,2603,929822,666538,214525,266085,248,147
"1486",959,566360,79988,1486,2604,404847,161513,61545,18443,835,124
"1487",400,1470206,124897,1487,2605,1080014,390192,45118,79779,125,275
"1488",630,0,120027,1488,2606,0,0,98711,21316,567,63
"1489",224,1470206,124897,1489,2607,1080014,390192,45118,79779,161,63
"1490",769,1388543,469750,1490,2608,969504,419039,107040,362710,179,590
"1491",88,455496,100462,1491,2609,329171,126325,29699,70763,4,84
"1492",286,568385,403582,1492,2610,428075,140310,202237,201345,179,107
"1493",1104,566360,64236,1493,2611,404847,161513,52205,12031,1025,79
"1494",33,2197648,49719,1494,2612,1200217,997431,29272,20447,13,20
"1495",1034,982246,0,1495,2613,765072,217174,0,0,537,497
"1496",1221,2117578,210482,1496,2614,1528913,588665,122268,88214,939,282
"1497",874,1799431,195619,1497,2615,1001982,797449,91939,103680,233,641
"1498",342,983914,305680,1498,2616,793420,190494,167769,137911,306,36
"1499",548,983914,371763,1499,2617,793420,190494,223722,148041,467,81
"1500",606,982246,324018,1500,2618,765072,217174,258818,65200,488,118
"1501",1468,568385,326591,1501,2619,428075,140310,235155,91436,1146,322
"1502",1211,568385,251146,1502,2620,428075,140310,178399,72747,831,380
"1503",1141,0,92465,1503,2621,0,0,54363,38102,620,521
"1504",1647,363498,126266,1504,2622,254539,108959,43904,82362,574,1073
"1505",5676,1540373,106098,1505,2701,1084555,455818,29668,76430,1926,3750
"1506",437,1248639,186374,1506,2702,880058,368581,125429,60945,324,113
"1507",229,3473601,181533,1507,2801,2253766,1219835,50033,131500,35,194
"1508",278,1304069,531361,1508,3100,800389,503680,300182,231179,254,24
"1509",1001,0,424997,1509,3101,0,0,280810,144187,292,709
"1510",883,0,272015,1510,3102,0,0,168759,103256,799,84
"1511",847,1182730,973117,1511,3103,987884,194846,487898,485219,552,295
"1512",487,1304069,642712,1512,3104,800389,503680,368959,273753,405,82
"1513",304,813773,203064,1513,3105,719419,94354,143647,59417,279,25
"1514",1458,0,395587,1514,3106,0,0,330364,65223,1297,161
"1515",468,0,305836,1515,3107,0,0,186564,119272,407,61
"1516",1158,0,450319,1516,3500,0,0,251526,198793,578,580
"1517",1133,0,461502,1517,3501,0,0,198303,263199,665,468
"1518",667,910029,285205,1518,3502,730822,179207,175984,109221,276,391
"1519",110,0,30869,1519,3503,0,0,19574,11295,95,15
"1520",597,1484169,99146,1520,3504,908182,575987,59161,39985,408,189
"1521",363,1831428,376837,1521,3505,1174014,657414,166481,210356,189,174
"1522",558,2946549,229335,1522,3506,1498164,1448385,159944,69391,335,223
"1523",418,1484169,83503,1523,3507,908182,575987,38695,44808,267,151
"1524",1042,1484169,379221,1524,3508,908182,575987,253922,125299,677,365
"1525",2738,0,251906,1525,3509,0,0,184622,67284,2165,573
"1526",404,910029,145783,1526,3510,730822,179207,98858,46925,333,71
"1527",1707,853314,309722,1527,3511,588931,264383,248742,60980,1308,399
"1528",790,1113797,399331,1528,3513,910059,203738,194049,205282,406,384
"1529",893,1955247,460060,1529,3514,1137659,817588,200594,259466,600,293
"1530",498,951914,115776,1530,3515,471773,480141,40624,75152,147,351
"1531",717,0,80685,1531,3516,0,0,57966,22719,467,250
"1532",542,536161,300825,1532,3517,406002,130159,182495,118330,391,151
"1533",3018,0,473906,1533,3518,0,0,269779,204127,1371,1647
"1534",1217,1394220,202946,1534,3519,1100554,293666,133984,68962,494,723
"1535",1625,0,406175,1535,3520,0,0,200272,205903,1176,449
"1536",420,0,74177,1536,3521,0,0,57825,16352,362,58
"1537",709,1646362,38527,1537,3522,1175021,471341,31688,6839,382,327
"1538",719,1484169,319670,1538,3523,908182,575987,162064,157606,68,651
"1539",209,0,300185,1539,3524,0,0,200723,99462,41,168
"1540",432,941456,262745,1540,3525,763684,177772,208927,53818,330,102
"1541",60,2682356,497698,1541,3527,1820194,862162,269278,228420,57,3
"1542",618,0,22080,1542,3528,0,0,12599,9481,99,519
"1543",260,0,272275,1543,3529,0,0,177709,94566,132,128
"1544",619,2372375,239368,1544,3530,1637378,734997,173000,66368,591,28
"1545",97,881698,426650,1545,3531,701273,180425,288297,138353,76,21
"1546",241,2372375,343471,1546,3532,1637378,734997,200496,142975,229,12
"1547",1997,1831428,455069,1547,3533,1174014,657414,154669,300400,650,1347
"1548",1274,1831428,407001,1548,3534,1174014,657414,128131,278870,584,690
"1549",1068,536161,294672,1549,3535,406002,130159,186174,108498,932,136
"1550",1196,0,441031,1550,3536,0,0,357100,83931,1021,175
"1551",711,0,233918,1551,3537,0,0,143565,90353,657,54
"1552",280,1318502,81901,1552,3538,637160,681342,29997,51904,96,184
"1553",85,0,3348,1553,3539,0,0,2819,529,27,58
"1554",470,0,269005,1554,3541,0,0,158506,110499,301,169
"1555",1480,0,269005,1555,3542,0,0,158506,110499,1223,257
