"","cyl","sub","bus","X","ID","sub_r","sub_a","bus_r","bus_a","borrow","return"
"3",1296,3779914,104149,3,101,1708646,2071268,32546,71603,604,692
"4",5927,3779914,409993,4,102,1708646,2071268,187408,222585,2992,2935
"5",4014,3779914,438709,5,103,1708646,2071268,188916,249793,2011,2003
"6",3462,4438040,846335,6,104,1990606,2447434,467768,378567,1841,1621
"7",1864,4438040,828167,7,105,1990606,2447434,456601,371566,940,924
"8",7721,4438040,774438,8,106,1990606,2447434,435530,338908,3746,3975
"9",4354,9626849,1375483,9,107,4305986,5320863,790306,585177,2110,2244
"10",3067,10284975,655603,10,108,4587946,5697029,335677,319926,1716,1351
"11",3559,3618555,208995,11,109,1669153,1949402,86470,122525,1787,1772
"12",1416,254047,557140,12,110,70877,183170,258414,298726,832,584
"13",3297,3618555,148585,13,111,1669153,1949402,67832,80753,1631,1666
"14",2710,9465490,244395,14,112,4266493,5198997,109174,135221,1374,1336
"15",13969,5846935,1707453,15,113,2597340,3249595,955810,751643,7510,6459
"16",6079,5846935,1821212,16,114,2597340,3249595,1002153,819059,3247,2832
"17",2642,8452695,1754876,17,115,3788910,4663785,943591,811285,1408,1234
"18",3277,5846935,924229,18,116,2597340,3249595,410132,514097,1410,1867
"19",4036,942233,1117013,19,117,234959,707274,644537,472476,2150,1886
"20",2709,3360712,305976,20,118,1525626,1835086,94882,211094,1400,1309
"21",2627,754952,234416,21,119,334056,420896,79289,155127,1124,1503
"22",1041,96826,285677,22,120,52096,44730,95101,190576,422,619
"23",1384,3360712,413614,23,121,1525626,1835086,163798,249816,456,928
"24",1759,2702586,364829,24,122,1243666,1458920,164982,199847,834,925
"25",2342,942233,487208,25,123,234959,707274,164330,322878,1088,1254
"26",2301,2702586,1016110,26,124,1243666,1458920,577518,438592,1200,1101
"27",1780,2702586,358492,27,125,1243666,1458920,168872,189620,907,873
"28",2962,5499570,334140,28,126,2716407,2783163,160069,174071,1407,1555
"29",774,3603280,1795801,29,127,1725125,1878155,1016890,778911,433,341
"30",4180,9450215,1901298,30,128,4322465,5127750,1082323,818975,2219,1961
"31",2459,3603280,1728688,31,129,1725125,1878155,998528,730160,1212,1247
"32",3746,9450215,1740060,32,130,4322465,5127750,997931,742129,1852,1894
"33",3727,0,400825,33,131,0,0,185178,215647,1506,2221
"35",3260,1465791,416667,35,133,789961,675830,191871,224796,1308,1952
"36",1894,3603280,2311751,36,134,1725125,1878155,1329037,982714,983,911
"37",1447,3603280,1364589,37,135,1725125,1878155,781538,583051,734,713
"38",347,3603280,1097319,38,136,1725125,1878155,593390,503929,235,112
"39",737,3603280,790648,39,137,1725125,1878155,388963,401685,443,294
"40",1230,8549521,1820194,40,138,3841006,4708515,1038256,781938,543,687
"41",773,8549521,1394567,41,139,3841006,4708515,777996,616571,516,257
"42",1136,3506454,1161874,42,140,1673029,1833425,653942,507932,657,479
"43",1293,8452695,1009778,43,141,3788910,4663785,495152,514626,821,472
"44",1075,1727189,678988,44,142,773298,953891,322215,356773,552,523
"45",1974,2593321,1006802,45,143,1306780,1286541,513233,493569,1005,969
"46",5319,2593321,946908,46,144,1306780,1286541,489601,457307,2634,2685
"47",2091,2593321,983701,47,145,1306780,1286541,500415,483286,1085,1006
"48",4211,2593321,477749,48,146,1306780,1286541,230112,247637,2108,2103
"49",4232,2593321,480298,49,147,1306780,1286541,228568,251730,2060,2172
"50",2685,2593321,508198,50,148,1306780,1286541,236841,271357,1030,1655
"51",2392,8549521,1559570,51,150,3841006,4708515,896377,663193,1102,1290
"52",3531,1484922,457250,52,151,575927,908995,194879,262371,1630,1901
"53",11940,665437,189374,53,152,254474,410963,66707,122667,4806,7134
"54",2677,1738969,284454,54,153,646804,1092165,111654,172800,1312,1365
"55",4124,1484922,346572,55,154,575927,908995,137830,208742,1989,2135
"56",2471,254047,706494,56,155,70877,183170,312429,394065,1140,1331
"57",1424,2722785,361686,57,156,1283121,1439664,144697,216989,547,877
"58",2607,826495,479293,58,157,291839,534656,210463,268830,1187,1420
"59",1034,1006652,697984,59,158,558674,447978,328697,369287,411,623
"60",758,4332949,635268,60,159,1964868,2368081,294439,340829,433,325
"61",940,826495,854530,61,160,291839,534656,430397,424133,543,397
"62",795,1152544,290269,62,161,277456,875088,95676,194593,367,428
"63",1182,900694,267168,63,162,481459,419235,159742,107426,807,375
"64",583,0,424466,64,163,0,0,206199,218267,300,283
"65",801,1719838,474996,65,164,860838,859000,151160,323836,354,447
"66",1752,254047,407777,66,165,70877,183170,126968,280809,718,1034
"67",3431,254047,315159,67,166,70877,183170,75764,239395,1340,2091
"68",398,0,361231,68,167,0,0,112071,249160,280,118
"69",746,1719838,300220,69,169,860838,859000,87756,212464,346,400
"70",2106,254047,447488,70,170,70877,183170,131221,316267,776,1330
"71",754,2835863,765073,71,171,2191510,644353,458973,306100,396,358
"73",1058,2835863,864043,73,173,2191510,644353,497450,366593,507,551
"75",3701,0,327714,75,175,0,0,108891,218823,1593,2108
"76",3313,0,686517,76,176,0,0,288507,398010,1506,1807
"77",1059,1465791,404587,77,177,789961,675830,132701,271886,365,694
"78",1264,1565040,346653,78,178,860878,704162,146723,199930,596,668
"79",2373,254047,710085,79,179,70877,183170,307078,403007,1373,1000
"80",1303,1510079,479795,80,180,734462,775617,236329,243466,652,651
"81",656,3779914,137576,81,181,1708646,2071268,42224,95352,303,353
"82",4623,3779914,157442,82,182,1708646,2071268,51170,106272,2197,2426
"83",5191,254047,363073,83,183,70877,183170,162513,200560,2181,3010
"84",3490,1484922,360510,84,184,575927,908995,169212,191298,1776,1714
"85",2579,0,104856,85,185,0,0,37661,67195,1057,1522
"86",2942,665437,299620,86,186,254474,410963,141312,158308,1372,1570
"87",1800,942233,355402,87,188,234959,707274,135290,220112,812,988
"88",1319,1465791,460700,88,191,789961,675830,162697,298003,525,794
"89",1143,254047,186824,89,192,70877,183170,45942,140882,389,754
"90",2435,1565040,807923,90,194,860878,704162,418400,389523,1279,1156
"91",1280,254047,527223,91,195,70877,183170,250741,276482,560,720
"92",714,6100982,831387,92,196,2668217,3432765,370010,461377,389,325
"93",1066,1186188,854905,93,198,615668,570520,472137,382768,535,531
"94",1374,665437,205071,94,199,254474,410963,121964,83107,729,645
"95",610,675444,175354,95,200,540653,134791,138291,37063,457,153
"96",1968,675444,363021,96,201,540653,134791,255862,107159,1069,899
"97",4275,3483310,526467,97,202,2505921,977389,343043,183424,2250,2025
"98",1252,2764696,231778,98,203,2091935,672761,180558,51220,722,530
"99",1466,2764696,225979,99,204,2091935,672761,175665,50314,828,638
"100",1965,2764696,551232,100,205,2091935,672761,400108,151124,983,982
"101",1856,3339305,248701,101,206,2322384,1016921,179052,69649,1127,729
"102",19056,2807866,283263,102,207,1965268,842598,146680,136583,9053,10003
"103",926,3726608,822001,103,209,2637502,1089106,487477,334524,521,405
"104",6399,3483310,586427,104,210,2505921,977389,397119,189308,3187,3212
"105",3530,4953386,953531,105,211,3139146,1814240,597122,356409,1885,1645
"106",2096,4234772,838833,106,212,2725160,1509612,523444,315389,1401,695
"107",1025,3582603,107450,107,213,2453965,1128638,68811,38639,566,459
"108",936,3582603,712930,108,214,2453965,1128638,451783,261147,523,413
"109",2403,718614,273717,109,215,413986,304628,126055,147662,1027,1376
"110",2266,3051164,500877,110,216,2096849,954315,266828,234049,973,1293
"111",1470,3051164,603338,111,217,2096849,954315,338176,265162,844,626
"112",523,3051164,699353,112,218,2096849,954315,434781,264572,321,202
"113",1291,4277942,667185,113,219,2598493,1679449,392411,274774,703,588
"114",1491,3559328,623877,114,220,2184507,1374821,363995,259882,899,592
"115",2894,718614,244191,115,221,413986,304628,145395,98796,1229,1665
"116",3696,2975670,286435,116,222,1297140,1678530,164238,122197,1717,1979
"117",1786,5717091,457814,117,223,3119617,2597474,265055,192759,883,903
"118",2571,3703333,552099,118,224,2368044,1335289,294644,257455,1384,1187
"119",1574,2984719,479352,119,225,1954058,1030661,261374,217978,1043,531
"120",1533,3559328,548967,120,226,2184507,1374821,327578,221389,906,627
"121",3020,529432,108141,121,227,196599,332833,58342,49799,1208,1812
"122",4656,2594439,254359,122,228,961337,1633102,138689,115670,2204,2452
"123",2096,2594439,264036,123,229,961337,1633102,139290,124746,1091,1005
"124",5700,3156250,443448,124,230,1499136,1657114,256854,186594,2956,2744
"125",1199,2696179,384009,125,231,1268994,1427185,222783,161226,566,633
"126",4914,1669545,269601,126,232,762271,907274,130188,139413,2214,2700
"127",408,1669545,123142,127,233,762271,907274,54613,68529,239,169
"128",1529,550858,399081,128,234,164843,386015,182672,216409,448,1081
"129",1140,550858,343812,129,235,164843,386015,151639,192173,526,614
"130",2276,5657484,265897,130,236,2402917,3254567,163425,102472,1164,1112
"131",1790,1010324,359740,131,237,343209,667115,119119,240621,852,938
"132",4089,3921014,248742,132,238,1619570,2301444,108235,140507,1779,2310
"133",1750,3921014,303461,133,239,1619570,2301444,139785,163676,924,826
"134",3491,2694095,409381,134,240,1319219,1374876,237835,171546,1785,1706
"135",2258,3423460,503124,135,241,1313840,2109620,164238,338886,847,1411
"136",1108,3329158,431903,136,242,1696903,1632255,192642,239261,507,601
"137",2917,1669545,176484,137,243,762271,907274,98757,77727,1431,1486
"138",2902,2713624,427817,138,244,1037216,1676408,217891,209926,1151,1751
"139",3114,3921014,275874,139,245,1619570,2301444,141320,134554,1495,1619
"140",8301,2594439,852245,140,247,961337,1633102,527955,324290,4369,3932
"141",4973,1394058,221665,141,248,954639,439419,134967,86698,2227,2746
"142",3865,718614,89828,142,249,413986,304628,32964,56864,1663,2202
"143",786,2001310,592673,143,250,687670,1313640,225346,367327,383,403
"144",1311,1349141,336390,144,251,416475,932666,120714,215676,645,666
"145",2119,1899999,605555,145,252,581318,1318681,263675,341880,1076,1043
"146",1965,1010324,430512,146,253,343209,667115,192290,238222,925,1040
"147",1177,550858,337095,147,254,164843,386015,106505,230590,450,727
"148",1969,3423460,497764,148,255,1313840,2109620,157065,340699,745,1224
"149",1761,6178009,334254,149,256,2780294,3397715,99545,234709,771,990
"150",3886,3559328,601613,150,257,2184507,1374821,273761,327852,1473,2413
"151",2257,5878481,417371,151,258,3478327,2400154,225824,191547,1150,1107
"152",4535,3559328,836476,152,259,2184507,1374821,409145,427331,1989,2546
"153",1475,2928997,0,153,260,1347727,1581270,0,0,871,604
"154",4072,2751414,461793,154,262,1292464,1458950,234894,226899,1978,2094
"155",3506,4967484,180007,155,263,2023950,2943534,60697,119310,1560,1946
"156",1608,2696179,527791,156,264,1268994,1427185,295131,232660,888,720
"157",1345,2694095,478502,157,265,1319219,1374876,282476,196026,688,657
"158",1271,5448644,676331,158,266,2785673,2662971,361538,314793,573,698
"159",2585,2594439,765914,159,267,961337,1633102,480560,285354,1143,1442
"160",2331,2594439,881380,160,268,961337,1633102,541592,339788,1198,1133
"161",545,3051164,967987,161,270,2096849,954315,599065,368922,304,241
"162",747,3559328,620186,162,271,2184507,1374821,326971,293215,414,333
"163",9029,2594439,803938,163,272,961337,1633102,509895,294043,4277,4752
"164",6408,3789229,1432943,164,274,1927045,1862184,817798,615145,3063,3345
"165",3850,2751414,333332,165,275,1292464,1458950,137882,195450,1576,2274
"166",2592,3789229,387076,166,276,1927045,1862184,211193,175883,1272,1320
"167",2218,5448644,1696257,167,277,2785673,2662971,958336,737921,1112,1106
"168",2853,3423460,804742,168,278,1313840,2109620,464424,340318,1284,1569
"169",2568,2754549,849845,169,279,1466454,1288095,446436,403409,1205,1363
"170",2678,3801829,170661,170,280,1543691,2258138,66691,103970,1183,1495
"171",1192,0,463099,171,281,0,0,237955,225144,556,636
"172",764,5026176,1700873,172,282,1992245,3033931,970204,730669,476,288
"173",3578,3214620,785858,173,283,1696596,1518024,413243,372615,1730,1848
"174",5648,5448644,1570199,174,284,2785673,2662971,887274,682925,2850,2798
"175",723,0,198562,175,285,0,0,75748,122814,321,402
"176",1417,0,405137,176,286,0,0,205240,199897,606,811
"177",3055,1667461,337807,177,287,812496,854965,150744,187063,1371,1684
"178",733,1669545,297238,178,288,762271,907274,165924,131314,390,343
"179",1019,0,205865,179,289,0,0,77526,128339,417,602
"180",1553,3801829,553273,180,290,1543691,2258138,327163,226110,691,862
"181",1512,7204643,250030,181,291,3287017,3917626,115154,134876,895,617
"182",724,2754549,348796,182,292,1466454,1288095,105199,243597,319,405
"183",3148,3389068,225269,183,293,1577869,1811199,84023,141246,1415,1733
"184",1089,2835863,721179,184,300,2191510,644353,445085,276094,584,505
"185",1739,0,556515,185,301,0,0,307446,249069,822,917
"186",3406,0,849486,186,302,0,0,511554,337932,1661,1745
"187",1554,7417630,1013403,187,303,5569965,1847665,671528,341875,820,734
"188",1290,7645758,1419078,188,304,5833157,1812601,947699,471379,715,575
"189",1554,7645758,1485340,189,305,5833157,1812601,990705,494635,1026,528
"190",1515,6734046,1284733,190,306,5127342,1606704,857579,427154,931,584
"191",1074,2835863,518986,191,307,2191510,644353,340794,178192,592,482
"192",855,7417630,1096928,192,308,5569965,1847665,715621,381307,506,349
"193",1199,7417630,1380950,193,309,5569965,1847665,893303,487647,753,446
"194",1096,6734046,1433858,194,310,5127342,1606704,917585,516273,656,440
"195",2730,7417630,1588219,195,311,5569965,1847665,1060643,527576,1663,1067
"196",2747,9487371,1171851,196,312,6848084,2639287,810451,361400,1399,1348
"197",802,2152279,1353626,197,313,1748887,403392,770779,582847,391,411
"198",1485,911712,204942,198,314,705815,205897,125126,79816,856,629
"199",1540,6065716,600617,199,315,4366540,1699176,402756,197861,853,687
"200",2487,10708623,1741107,200,316,7998068,2710555,1139682,601425,1359,1128
"201",754,14457302,2065810,201,318,10504821,3952481,1373921,691889,393,361
"202",1624,13545590,1909868,202,320,9799006,3746584,1274287,635581,922,702
"203",1432,13545590,1294229,203,321,9799006,3746584,883792,410437,805,627
"204",1216,15097145,1349797,204,322,10933660,4163485,915465,434332,710,506
"205",2010,6712648,1443164,205,324,4909647,1803001,992522,450642,1104,906
"206",1495,6065716,469556,206,326,4366540,1699176,302808,166748,849,646
"207",1824,10235282,1467312,207,327,7477815,2757467,922787,544525,936,888
"208",2125,11053885,1198242,208,328,8133540,2920345,755427,442815,1114,1011
"209",2479,14675181,1592501,209,329,10546313,4128868,977234,615267,1230,1249
"210",1006,14457302,2196882,210,330,10504821,3952481,1460542,736340,537,469
"211",1156,15915748,1404699,211,331,11589385,4326363,887929,516770,660,496
"212",804,15915748,1090866,212,332,11589385,4326363,712004,378862,415,389
"213",3304,12180340,946340,213,334,8960922,3219418,584014,362326,1629,1675
"214",2350,12180340,946340,214,335,8960922,3219418,584014,362326,1250,1100
"215",829,8609465,368587,215,336,6179773,2429692,197898,170689,427,402
"216",786,5161679,433125,216,337,3279511,1882168,291850,141275,423,363
"217",1677,6686861,827166,217,338,4876652,1810209,566770,260396,1029,648
"218",1378,6686861,909113,218,339,4876652,1810209,636649,272464,796,582
"219",2427,2098814,764992,219,340,1114600,984214,387880,377112,1111,1316
"220",2164,2098814,1001831,220,341,1114600,984214,528366,473465,1043,1121
"221",3880,3225269,950488,221,342,1941982,1283287,488764,461724,1791,2089
"222",905,4857876,541460,222,343,2816645,2041231,309573,231887,518,387
"223",1221,6215637,487311,223,344,3547001,2668636,304440,182871,565,656
"224",1192,6640530,926891,224,345,4522681,2117849,635188,291703,748,444
"225",3759,7327524,1076351,225,346,4037589,3289935,551927,524424,1521,2238
"226",2675,8381495,577049,226,347,4866031,3515464,316885,260164,1289,1386
"227",1104,1006652,673042,227,348,558674,447978,311242,361800,470,634
"228",889,323068,630232,228,349,116051,207017,336442,293790,402,487
"229",902,0,104757,229,351,0,0,56513,48244,483,419
"230",344,911712,106480,230,352,705815,205897,59154,47326,198,146
"231",1008,911712,475001,231,353,705815,205897,297451,177550,565,443
"232",1098,3974577,261991,232,354,2870726,1103851,144980,117011,516,582
"233",1719,4857876,474569,233,355,2816645,2041231,266170,208399,976,743
"234",1446,4857876,758740,234,356,2816645,2041231,404683,354057,813,633
"235",4577,2098814,958568,235,358,1114600,984214,526226,432342,2132,2445
"236",1315,6288134,537709,236,359,4106893,2181241,307102,230607,645,670
"237",3916,4623557,887344,237,361,2359864,2263693,475723,411621,2026,1890
"238",1871,2842455,787041,238,362,1442342,1400113,439660,347381,840,1031
"239",2574,1730568,861896,239,363,951754,778814,486550,375346,1298,1276
"240",1163,3791304,232726,240,364,1987995,1803309,80383,152343,472,691
"241",1274,323068,528562,241,367,116051,207017,227999,300563,481,793
"242",1268,7645758,1742302,242,368,5833157,1812601,1144891,597411,747,521
"243",1192,3002851,518740,243,369,2201629,801222,345645,173095,725,467
"244",974,5326491,694658,244,370,4074151,1252340,472633,222025,602,372
"245",956,4414289,151672,245,371,2348051,2066238,83204,68468,516,440
"246",1258,2655315,338131,246,372,1184085,1471230,172070,166061,637,621
"247",194,2532325,409756,247,373,1134656,1397669,216601,193155,73,121
"248",1395,6013229,226837,248,374,2977554,3035675,103846,122991,736,659
"249",1595,5030390,563931,249,375,2436250,2594140,307928,256003,688,907
"251",1561,7110715,807072,251,378,3732536,3378179,431715,375357,655,906
"252",1602,0,1411971,252,379,0,0,804466,607505,835,767
"253",915,8304021,389338,253,380,5592610,2711411,212029,177309,467,448
"254",216,4414289,250112,254,381,2348051,2066238,134816,115296,159,57
"255",931,2655315,372595,255,382,1184085,1471230,193308,179287,488,443
"256",4158,6616047,479545,256,383,3438806,3177241,263446,216099,2062,2096
"257",690,2835863,826009,257,384,2191510,644353,501791,324218,345,345
"258",2666,12387561,1555299,258,385,9226702,3160859,978883,576416,1388,1278
"259",1607,2098814,268156,259,386,1114600,984214,104675,163481,578,1029
"260",832,6706135,819646,260,387,4103985,2602150,493872,325774,465,367
"261",1500,2098814,751207,261,388,1114600,984214,372037,379170,751,749
"262",1371,8238416,511133,262,389,6011306,2227110,332277,178856,673,698
"263",1898,6611654,226127,263,390,4627816,1983838,128387,97740,918,980
"264",680,7417630,863773,264,391,5569965,1847665,559332,304441,428,252
"265",2141,7327524,926717,265,393,4037589,3289935,492904,433813,976,1165
"266",1059,683584,1000262,266,394,442623,240961,577872,422390,457,602
"267",1449,1006652,770154,267,395,558674,447978,404638,365516,530,919
"268",948,6686861,771119,268,397,4876652,1810209,522222,248897,562,386
"269",2148,14889924,910805,269,398,10667880,4222044,579819,330986,1099,1049
"270",698,826495,441427,270,399,291839,534656,197137,244290,328,370
"271",1675,0,218470,271,400,0,0,85982,132488,677,998
"272",1199,0,218002,272,401,0,0,87292,130710,586,613
"273",1476,0,235475,273,402,0,0,90373,145102,653,823
"274",801,0,330110,274,403,0,0,168569,161541,593,208
"275",517,99249,343457,275,405,70917,28332,217960,125497,322,195
"276",1125,0,261396,276,406,0,0,99720,161676,546,579
"277",1615,0,336570,277,407,0,0,187120,149450,800,815
"278",952,99249,327390,278,408,70917,28332,213929,113461,549,403
"279",2653,99249,642907,279,409,70917,28332,440498,202409,1411,1242
"280",824,99249,542557,280,410,70917,28332,385640,156917,478,346
"281",1142,1565040,549150,281,411,860878,704162,369077,180073,691,451
"282",1614,1565040,562628,282,412,860878,704162,359236,203392,1013,601
"283",1172,0,120592,283,413,0,0,74771,45821,600,572
"284",1929,1565040,693758,284,414,860878,704162,427854,265904,1097,832
"285",3742,1565040,818184,285,415,860878,704162,450657,367527,2131,1611
"286",1131,1565040,742467,286,416,860878,704162,446840,295627,747,384
"287",2589,1565040,816582,287,417,860878,704162,426061,390521,1545,1044
"288",4922,2131228,385144,288,418,1044435,1086793,189602,195542,2426,2496
"289",4979,2131228,402923,289,419,1044435,1086793,195012,207911,2517,2462
"290",1397,665437,181728,290,420,254474,410963,110562,71166,732,665
"291",4961,665437,404642,291,421,254474,410963,196716,207926,2211,2750
"292",751,0,140934,292,422,0,0,78754,62180,447,304
"293",844,1565040,420246,293,424,860878,704162,185949,234297,528,316
"294",421,99249,353453,294,425,70917,28332,211487,141966,317,104
"295",1505,2722785,353704,295,426,1283121,1439664,137280,216424,689,816
"296",1459,2131228,335738,296,427,1044435,1086793,128704,207034,564,895
"297",495,13763469,562514,297,428,9840498,3922971,344541,217973,265,230
"298",208,1408962,225521,298,429,528746,880216,79041,146480,104,104
"299",685,5232892,378365,299,430,3003776,2229116,199979,178386,361,324
"300",2995,4475062,496708,300,431,2317005,2158057,288870,207838,1426,1569
"301",1291,1738969,341872,301,432,646804,1092165,154051,187821,694,597
"302",2129,10482725,1696524,302,433,7634095,2848630,1149407,547117,1131,998
"303",135,3130337,488884,303,434,1207541,1922796,217555,271329,103,32
"304",432,2152279,1318550,304,435,1748887,403392,733533,585017,239,193
"305",538,4332949,635268,305,436,1964868,2368081,294439,340829,356,182
"306",1547,2702586,346567,306,437,1243666,1458920,173022,173545,770,777
"307",2801,919484,438874,307,438,325351,594133,161996,276878,1359,1442
"308",2346,697031,133385,308,439,315498,381533,63508,69877,1068,1278
"309",638,0,3548,309,440,0,0,898,2650,358,280
"310",742,0,359414,310,446,0,0,180499,178915,296,446
"311",163,0,366903,311,447,0,0,170531,196372,70,93
"312",85,0,122057,312,449,0,0,52760,69297,36,49
"313",1045,0,195283,313,450,0,0,92124,103159,503,542
"314",352,911712,67325,314,451,705815,205897,42689,24636,220,132
"315",690,6213318,842722,315,452,3773301,2440017,569429,273293,389,301
"316",1693,10955121,938219,316,453,7166846,3788275,640356,297863,914,779
"317",1785,10235282,1737608,317,454,7477815,2757467,1094652,642956,929,856
"318",640,6885745,806001,318,455,4159867,2725878,517019,288982,347,293
"319",984,4623557,829411,319,456,2359864,2263693,497207,332204,501,483
"320",738,6885745,951490,320,457,4159867,2725878,552673,398817,400,338
"321",1948,6734046,1341146,321,458,5127342,1606704,867233,473913,1097,851
"322",1407,0,920149,322,461,0,0,545963,374186,645,762
"323",139,0,396859,323,462,0,0,179030,217829,79,60
"325",259,911712,96029,325,464,705815,205897,58727,37302,133,126
"326",4530,3822576,306710,326,500,1440550,2382026,121920,184790,2344,2186
"327",2751,4349140,947317,327,501,1632495,2716645,524190,423127,1376,1375
"328",22722,526564,136383,328,502,191945,334619,52545,83838,10648,12074
"330",4472,4349140,354090,330,504,1632495,2716645,114225,239865,1677,2795
"331",5939,0,372041,331,505,0,0,190348,181693,2753,3186
"332",569,2535771,69155,332,506,1689147,846624,41437,27718,317,252
"333",1470,2535771,151790,333,507,1689147,846624,96137,55653,794,676
"334",1401,2535771,106510,334,508,1689147,846624,69805,36705,777,624
"335",3816,2973433,202820,335,509,1909640,1063793,83404,119416,2006,1810
"336",2202,1454213,141282,336,510,857294,596919,81644,59638,1016,1186
"337",4374,1454213,237868,337,511,857294,596919,148709,89159,2247,2127
"338",4080,1937415,183558,338,512,1127215,810200,103551,80007,2076,2004
"339",3099,2973433,236680,339,513,1909640,1063793,147459,89221,1666,1433
"340",2437,5341796,237095,340,514,2492896,2848900,109533,127562,1259,1178
"341",1767,0,259448,341,515,0,0,86072,173376,723,1044
"342",1904,3822576,477269,342,516,1440550,2382026,194224,283045,877,1027
"343",976,2635063,477063,343,518,1241239,1393824,243028,234035,514,462
"344",1494,719377,374288,344,519,258673,460704,181294,192994,824,670
"345",1317,1116419,449289,345,520,349439,766980,216660,232629,704,613
"346",2912,1403834,916605,346,521,457582,946252,539669,376936,1407,1505
"347",388,2274852,487019,347,522,788637,1486215,202574,284445,219,169
"348",114,1065453,479234,348,523,319344,746109,243274,235960,73,41
"349",693,1242419,431626,349,524,316247,926172,148843,282783,310,383
"350",5165,1075971,589981,350,525,445485,630486,367014,222967,2606,2559
"351",1331,1980873,593424,351,526,733094,1247779,359539,233885,743,588
"352",1983,1018994,806859,352,529,432318,586676,515076,291783,1238,745
"353",2071,1629023,354172,353,530,781002,848021,180211,173961,882,1189
"354",703,1281021,535102,354,533,365971,915050,244651,290451,251,452
"355",743,845377,457744,355,534,225481,619896,169594,288150,424,319
"356",919,880244,500035,356,535,360687,519557,182131,317904,488,431
"357",1341,1546665,495342,357,536,468840,1077825,218089,277253,566,775
"358",2221,810781,606859,358,537,388198,422583,372604,234255,1142,1079
"359",1620,1355425,480929,359,538,426013,929412,294266,186663,912,708
"360",2845,1018994,272144,360,539,432318,586676,112660,159484,1269,1576
"361",4371,0,655902,361,540,0,0,294501,361401,2063,2308
"362",4460,0,423548,362,542,0,0,292358,131190,2196,2264
"363",2486,0,423548,363,543,0,0,292358,131190,1430,1056
"364",1556,0,82082,364,544,0,0,27993,54089,671,885
"365",2421,0,432782,365,546,0,0,132701,300081,1065,1356
"366",3805,526564,238258,366,548,191945,334619,75770,162488,1586,2219
"367",3385,0,585893,367,549,0,0,245572,340321,1593,1792
"368",1079,1725417,521006,368,550,718910,1006507,267493,253513,579,500
"369",3497,0,446723,369,551,0,0,297611,149112,1521,1976
"370",1043,0,500478,370,552,0,0,337659,162819,491,552
"371",2130,842157,304115,371,553,212606,629551,115128,188987,820,1310
"372",1344,0,504095,372,555,0,0,338513,165582,668,676
"373",365,942463,241337,373,556,269915,672548,164768,76569,193,172
"374",1625,3561832,614434,374,557,1701015,1860817,323416,291018,740,885
"375",2142,1006792,724909,375,558,366816,639976,431477,293432,1081,1061
"376",4559,1795348,1008089,376,559,704158,1091190,595565,412524,2365,2194
"377",2568,0,359807,377,560,0,0,145856,213951,1064,1504
"378",1909,1454213,192777,378,561,857294,596919,110824,81953,1012,897
"379",2116,1018994,289549,379,562,432318,586676,119717,169832,916,1200
"380",1489,1519220,161476,380,563,1052346,466874,77764,83712,1027,462
"381",163,2274852,468636,381,564,788637,1486215,193790,274846,109,54
"382",7659,942463,297834,382,565,269915,672548,189360,108474,3604,4055
"383",3307,2535771,98596,383,567,1689147,846624,64702,33894,1983,1324
"384",4849,3561832,373728,384,568,1701015,1860817,184293,189435,2194,2655
"385",280,488730,349479,385,569,114111,374619,108724,240755,126,154
"386",2206,3822576,339932,386,571,1440550,2382026,139888,200044,1236,970
"387",507,842157,269604,387,572,212606,629551,116781,152823,293,214
"388",2850,0,275067,388,573,0,0,99001,176066,1254,1596
"389",2958,0,615639,389,574,0,0,256507,359132,1431,1527
"390",441,517540,204454,390,575,141084,376456,83506,120948,227,214
"391",2183,0,149477,391,576,0,0,65593,83884,1029,1154
"392",3120,0,148817,392,577,0,0,64663,84154,1386,1734
"393",1638,1519220,162265,393,578,1052346,466874,82162,80103,818,820
"394",2031,1355425,191396,394,579,426013,929412,98230,93166,997,1034
"395",124,2436550,309833,395,580,894738,1541812,113676,196157,65,59
"396",875,1980873,216034,396,581,733094,1247779,101516,114518,430,445
"397",1793,2973433,243323,397,582,1909640,1063793,152863,90460,934,859
"398",7096,1355425,246016,398,583,426013,929412,112064,133952,3524,3572
"399",3426,3822576,358221,399,584,1440550,2382026,144801,213420,1789,1637
"400",4151,1519220,223579,400,585,1052346,466874,100048,123531,1938,2213
"401",906,1355425,97853,401,586,426013,929412,47742,50111,457,449
"402",1382,2973433,150339,402,587,1909640,1063793,95614,54725,816,566
"403",3383,4349140,151596,403,588,1632495,2716645,55555,96041,1651,1732
"404",4042,2535771,101033,404,589,1689147,846624,66390,34643,2135,1907
"405",4702,3822576,750096,405,590,1440550,2382026,461453,288643,2375,2327
"406",1064,3822576,544427,406,591,1440550,2382026,284189,260238,563,501
"407",2643,3822576,113930,407,592,1440550,2382026,57593,56337,1484,1159
"408",3707,0,328884,408,593,0,0,97901,230983,1091,2616
"409",240,1150846,2496,409,594,465797,685049,1008,1488,201,39
"410",229,2169018,396290,410,600,748171,1420847,146779,249511,116,113
"411",895,612494,701110,411,601,335000,277494,391743,309367,418,477
"412",5538,0,684472,412,602,0,0,262438,422034,1962,3576
"413",1029,1068010,619409,413,604,317870,750140,317730,301679,391,638
"414",1447,2194567,897724,414,605,1243895,950672,494895,402829,746,701
"415",917,0,242229,415,606,0,0,79498,162731,331,586
"416",1116,938841,209666,416,607,271792,667049,105175,104491,579,537
"417",360,1373693,368629,417,608,500399,873294,141490,227139,145,215
"418",2479,0,444147,418,609,0,0,231624,212523,1243,1236
"419",791,936158,382241,419,610,284391,651767,127969,254272,342,449
"420",1973,1522140,411964,420,612,857329,664811,205664,206300,996,977
"421",2501,1730568,849395,421,613,951754,778814,482375,367020,1300,1201
"422",2771,1522140,474361,422,614,857329,664811,255028,219333,1416,1355
"423",1496,1522140,713708,423,615,857329,664811,391888,321820,621,875
"424",377,1373693,570131,424,616,500399,873294,228034,342097,263,114
"425",1289,830027,601020,425,617,267297,562730,199630,401390,411,878
"426",435,936158,502988,426,621,284391,651767,174696,328292,202,233
"427",1947,0,556365,427,622,0,0,193485,362880,736,1211
"428",3119,1373693,580979,428,623,500399,873294,223084,357895,1791,1328
"429",2219,393546,308161,429,624,125237,268309,126870,181291,806,1413
"430",2601,2087004,599144,430,625,750188,1336816,332993,266151,1032,1569
"431",1717,1018994,545552,431,626,432318,586676,292395,253157,790,927
"432",2171,0,554931,432,627,0,0,216324,338607,963,1208
"433",613,1373693,259588,433,628,500399,873294,86539,173049,261,352
"434",2220,1006040,813547,434,630,460237,545803,422132,391415,972,1248
"435",3493,1355425,556294,435,631,426013,929412,326138,230156,1844,1649
"436",3316,612494,1558533,436,633,335000,277494,981316,577217,1885,1431
"437",3539,2312534,361098,437,634,772191,1540343,154265,206833,1828,1711
"438",2528,1373693,613458,438,635,500399,873294,219580,393878,1019,1509
"439",819,0,44291,439,636,0,0,18606,25685,349,470
"440",1580,0,66192,440,637,0,0,27776,38416,760,820
"441",1058,1373693,0,441,638,500399,873294,0,0,549,509
"442",1923,1373693,68634,442,639,500399,873294,31429,37205,1106,817
"443",1016,612494,1462283,443,640,335000,277494,904376,557907,393,623
"444",3458,1006040,563521,444,641,460237,545803,306376,257145,1707,1751
"445",2450,1355425,321047,445,642,426013,929412,122768,198279,1219,1231
"446",2319,517540,239234,446,643,141084,376456,72411,166823,869,1450
"447",4111,1018994,806859,447,646,432318,586676,515076,291783,1992,2119
"448",1184,938841,260743,448,647,271792,667049,124524,136219,534,650
"449",3769,1849021,306777,449,648,699615,1149406,135119,171658,1537,2232
"450",3824,2169018,397587,450,650,748171,1420847,155388,242199,1849,1975
"451",1602,0,1586061,451,651,0,0,941399,644662,789,813
"452",711,0,599509,452,652,0,0,229387,370122,221,490
"453",778,106131,351234,453,654,17094,89037,126761,224473,324,454
"454",886,0,234691,454,656,0,0,65365,169326,362,524
"455",1688,106131,264767,455,657,17094,89037,90236,174531,577,1111
"456",1214,0,516851,456,658,0,0,192378,324473,534,680
"457",1972,1522140,563868,457,659,857329,664811,312847,251021,963,1009
"458",1743,612494,857073,458,660,335000,277494,480127,376946,988,755
"459",1752,1373693,245526,459,661,500399,873294,105453,140073,971,781
"460",1995,2312534,310319,460,663,772191,1540343,142968,167351,1028,967
"461",17,1373693,299763,461,664,500399,873294,109089,190674,9,8
"462",3463,1707497,921965,462,700,342058,1365439,513763,408202,1589,1874
"463",1472,1118956,602964,463,701,248608,870348,188593,414371,491,981
"464",1495,1118956,478225,464,702,248608,870348,153180,325045,533,962
"465",5852,1581111,696641,465,703,428525,1152586,411410,285231,2960,2892
"466",3986,1118956,1003132,466,704,248608,870348,674296,328836,2096,1890
"467",1832,547742,759562,467,706,104929,442813,401448,358114,938,894
"468",461,547742,318423,468,707,104929,442813,135813,182610,200,261
"469",3240,1506206,312462,469,708,307799,1198407,129055,183407,1272,1968
"470",356,0,402359,470,709,0,0,173537,228822,173,183
"471",707,0,391841,471,710,0,0,165560,226281,247,460
"472",370,547742,101294,472,711,104929,442813,67740,33554,247,123
"473",1179,0,452345,473,712,0,0,154530,297815,417,762
"474",751,0,287289,474,713,0,0,114398,172891,351,400
"475",1152,0,313603,475,714,0,0,119822,193781,349,803
"476",3224,1506206,268405,476,716,307799,1198407,112889,155516,1258,1966
"477",2030,1118956,656988,477,719,248608,870348,328704,328284,919,1111
"478",373,0,355087,478,720,0,0,105459,249628,218,155
"479",2427,1666698,521734,479,722,353537,1313161,297406,224328,869,1558
"480",3184,1118956,591576,480,723,248608,870348,355550,236026,1853,1331
"481",251,387250,289946,481,724,59191,328059,105782,184164,102,149
"482",529,2242182,716476,482,725,404445,1837737,342874,373602,346,183
"483",2606,0,194365,483,726,0,0,64574,129791,751,1855
"484",2208,387250,250173,484,729,59191,328059,107658,142515,798,1410
"485",3131,462155,256868,485,731,179917,282238,139490,117378,1697,1434
"486",847,0,333282,486,732,0,0,133345,199937,342,505
"487",610,0,189899,487,733,0,0,56392,133507,267,343
"488",1548,934992,258877,488,734,164120,770872,94817,164060,412,1136
"489",2105,0,298605,489,735,0,0,92718,205887,750,1355
"490",1354,0,517210,490,736,0,0,164809,352401,391,963
"491",917,547742,770551,491,737,104929,442813,377922,392629,287,630
"492",1058,0,369344,492,739,0,0,153190,216154,500,558
"493",1137,1666631,467257,493,740,333545,1333086,176125,291132,398,739
"494",187,0,172126,494,741,0,0,85693,86433,96,91
"495",1246,904562,742819,495,742,248445,656117,351642,391177,634,612
"496",651,0,427428,496,743,0,0,168883,258545,242,409
"497",2087,1152690,262768,497,744,220115,932575,123598,139170,1231,856
"498",955,0,448000,498,745,0,0,137648,310352,294,661
"499",2478,188546,464081,499,746,42336,146210,189382,274699,1086,1392
"500",1729,0,337836,500,747,0,0,139102,198734,765,964
"501",232,462155,268625,501,748,179917,282238,128593,140032,120,112
"502",1381,529432,218999,502,749,196599,332833,92040,126959,655,726
"503",881,0,246603,503,750,0,0,86322,160281,225,656
"504",1040,554807,376469,504,752,121943,432864,112110,264359,369,671
"505",1436,1152690,62984,505,754,220115,932575,22316,40668,495,941
"506",2044,188546,446667,506,755,42336,146210,207755,238912,941,1103
"507",2752,1581111,742565,507,756,428525,1152586,446149,296416,1596,1156
"508",338,0,113227,508,757,0,0,30387,82840,154,184
"509",1671,934992,278679,509,758,164120,770872,93821,184858,686,985
"510",704,0,422885,510,759,0,0,131822,291063,116,588
"511",493,0,391384,511,760,0,0,146500,244884,207,286
"512",1889,462155,682491,512,762,179917,282238,405235,277256,914,975
"513",834,387250,269908,513,763,59191,328059,110146,159762,284,550
"514",2367,0,363332,514,764,0,0,172709,190623,1414,953
"515",2270,1581111,696090,515,765,428525,1152586,411126,284964,1146,1124
"516",1779,1152690,254513,516,766,220115,932575,119986,134527,995,784
"517",2823,2617510,321318,517,800,1592354,1025156,153317,168001,1121,1702
"518",734,625299,246855,518,802,347419,277880,102056,144799,465,269
"519",650,1607037,817113,519,803,730806,876231,426483,390630,365,285
"520",1721,4533506,513523,520,805,2761877,1771629,230848,282675,612,1109
"521",1646,3496037,355916,521,806,2178444,1317593,206254,149662,1029,617
"522",1064,0,1193930,522,807,0,0,599944,593986,502,562
"523",676,87278,134356,523,808,38736,48542,62258,72098,277,399
"524",1609,197820,385104,524,809,110032,87788,187598,197506,768,841
"525",756,1104728,368433,525,810,432816,671912,159004,209429,338,418
"526",870,1104728,299945,526,811,432816,671912,140060,159885,519,351
"527",660,1037469,286868,527,812,583433,454036,140352,146516,305,355
"528",1627,4057467,430779,528,813,2529479,1527988,204453,226326,794,833
"529",2245,87278,166158,529,815,38736,48542,69625,96533,881,1364
"530",5186,3550159,711685,530,816,2245002,1305157,419947,291738,2524,2662
"531",1089,4057467,402760,531,817,2529479,1527988,183900,218860,552,537
"532",2049,983347,907779,532,818,516875,466472,466528,441251,981,1068
"533",1380,1513508,938820,533,819,815831,697677,493755,445065,694,686
"534",957,507308,388832,534,820,284477,222831,178682,210150,469,488
"535",616,3019998,251067,535,822,1946046,1073952,123339,127728,304,312
"536",409,2879637,286733,536,823,1508157,1371480,102037,184696,207,202
"537",4993,87278,168343,537,825,38736,48542,69800,98543,2185,2808
"538",1930,0,1116925,538,826,0,0,591333,525592,861,1069
"539",392,1037469,59925,539,827,583433,454036,19824,40101,97,295
"540",1337,507308,868365,540,828,284477,222831,453303,415062,705,632
"541",4776,3019998,243270,541,829,1946046,1073952,111242,132028,2314,2462
"542",947,697031,178739,542,830,315498,381533,62490,116249,466,481
"543",751,1104728,399265,543,831,432816,671912,197858,201407,407,344
"544",3863,0,214782,544,832,0,0,112359,102423,1735,2128
"545",2837,983347,472440,545,834,516875,466472,198368,274072,1325,1512
"546",1628,1513508,893352,546,835,815831,697677,465763,427589,850,778
"547",1523,0,260521,547,836,0,0,109050,151471,703,820
"548",3260,197820,286506,548,837,110032,87788,114862,171644,1554,1706
"549",1705,507308,831833,549,838,284477,222831,438341,393492,896,809
"550",1111,197820,169775,550,839,110032,87788,73608,96167,458,653
"551",696,3019998,176765,551,840,1946046,1073952,91300,85465,357,339
"552",2713,3550159,674578,552,841,2245002,1305157,396236,278342,1338,1375
"553",1264,1104728,500035,553,843,432816,671912,228691,271344,671,593
"554",1210,2141471,91811,554,844,1359956,781515,28011,63800,473,737
"555",1104,4026198,381805,555,845,2477400,1548798,245865,135940,742,362
"556",1092,0,357998,556,846,0,0,122701,235297,461,631
"557",1055,2212962,410369,557,900,562814,1650148,154416,255953,481,574
"558",1452,907836,508079,558,901,175722,732114,187456,320623,665,787
"559",427,1139044,103834,559,902,300200,838844,41546,62288,110,317
"560",1013,0,171649,560,903,0,0,40276,131373,277,736
"561",1063,0,109548,561,904,0,0,33079,76469,276,787
"562",3116,1085122,393777,562,905,290307,794815,270546,123231,1930,1186
"563",3916,2616963,1388363,563,906,615809,2001154,844937,543426,1438,2478
"564",8995,1277371,651455,564,907,244571,1032800,342983,308472,3818,5177
"565",1131,2855647,446731,565,908,661597,2194050,168244,278487,533,598
"566",434,0,343020,566,909,0,0,115825,227195,243,191
"567",3082,1878560,317430,567,911,515423,1363137,146097,171333,1298,1784
"568",3024,0,876583,568,912,0,0,466491,410092,1016,2008
"569",4752,1277371,663550,569,913,244571,1032800,328435,335115,2342,2410
"570",5553,1038687,783696,570,914,198783,839904,433659,350037,2351,3202
"571",2187,0,352980,571,915,0,0,173155,179825,893,1294
"572",1737,1878560,331211,572,916,515423,1363137,146543,184668,745,992
"573",2044,669152,664005,573,917,129934,539218,386984,277021,1078,966
"574",789,2212962,561355,574,919,562814,1650148,312773,248582,391,398
"575",581,1085122,166800,575,921,290307,794815,45356,121444,265,316
"576",768,2777607,1346282,576,922,642288,2135319,825713,520569,395,373
"577",811,2442857,760501,577,923,559745,1883112,422856,337645,355,456
"578",257,0,203554,578,924,0,0,59904,143650,159,98
"579",622,1543810,749694,579,925,432880,1110930,427643,322051,303,319
"580",2011,1704454,725722,580,926,459359,1245095,417856,307866,960,1051
"581",846,2777607,1346282,581,927,642288,2135319,825713,520569,442,404
"582",181,0,43218,582,928,0,0,13840,29378,98,83
"583",949,1277371,477932,583,930,244571,1032800,197774,280158,484,465
"584",3393,1612121,295745,584,931,327114,1285007,101687,194058,1322,2071
"585",1326,573434,484925,585,932,128331,445103,168791,316134,541,785
"586",2115,2855647,609576,586,933,661597,2194050,230223,379353,935,1180
"587",1384,1038687,377669,587,934,198783,839904,108065,269604,553,831
"588",499,2917247,267010,588,935,714206,2203041,113593,153417,167,332
"589",85,53922,176208,589,937,9893,44029,38788,137420,43,42
"590",189,1139044,104153,590,938,300200,838844,41569,62584,84,105
"591",866,2212962,490076,591,939,562814,1650148,183353,306723,427,439
"592",826,0,106773,592,941,0,0,25213,81560,410,416
"593",504,0,161977,593,942,0,0,33579,128398,134,370
"594",1698,2212962,726518,594,943,562814,1650148,382986,343532,736,962
"595",491,0,150258,595,945,0,0,34896,115362,272,219
"596",744,1465770,122139,596,946,413571,1052199,42665,79474,313,431
"597",869,2282213,827242,597,947,533266,1748947,459251,367991,328,541
"598",742,1565040,721005,598,948,860878,704162,390010,330995,481,261
"599",830,2616963,1415128,599,949,615809,2001154,852623,562505,461,369
"600",1838,2855647,367134,600,950,661597,2194050,143953,223181,665,1173
"601",1626,2616963,1376681,601,951,615809,2001154,849713,526968,787,839
"602",359,2442857,464740,602,952,559745,1883112,217617,247123,125,234
"603",509,160644,253056,603,953,26479,134165,85426,167630,247,262
"604",701,1139044,128802,604,954,300200,838844,29534,99268,303,398
"605",2911,1038687,792917,605,956,198783,839904,417623,375294,996,1915
"606",1582,1277371,596571,606,958,244571,1032800,227500,369071,588,994
"607",335,1139044,36022,607,959,300200,838844,15557,20465,214,121
"608",943,1085122,439773,608,960,290307,794815,285522,154251,722,221
"609",1383,1704454,725722,609,961,459359,1245095,417856,307866,632,751
"610",1049,1085122,417571,610,962,290307,794815,274543,143028,594,455
"611",771,1465770,370274,611,963,413571,1052199,191857,178417,333,438
"612",869,4082733,880997,612,964,1029380,3053353,450673,430324,385,484
"613",413,1038687,292483,613,965,198783,839904,81613,210870,222,191
"614",328,1974278,565073,614,966,517026,1457252,281479,283594,214,114
"615",559,2212962,683279,615,967,562814,1650148,379794,303485,320,239
"616",179,0,122452,616,968,0,0,22445,100007,69,110
"617",241,0,84613,617,969,0,0,21165,63448,67,174
"618",489,1038687,181894,618,971,198783,839904,63665,118229,226,263
"619",487,1565040,200303,619,972,860878,704162,106094,94209,241,246
"620",3454,1844701,624966,620,1001,509841,1334860,341361,283605,1813,1641
"621",2620,924097,131865,621,1002,193501,730596,54509,77356,993,1627
"622",1413,924097,353507,622,1003,193501,730596,182948,170559,638,775
"623",2489,924097,333120,623,1004,193501,730596,191011,142109,1029,1460
"624",918,486305,377585,624,1006,84074,402231,154138,223447,492,426
"625",110,0,5660,625,1007,0,0,2003,3657,69,41
"626",5430,924097,329398,626,1008,193501,730596,190243,139155,2041,3389
"627",7242,1442875,803142,627,1009,472503,970372,444446,358696,3960,3282
"628",3066,1812371,394994,628,1010,576086,1236285,181052,213942,1420,1646
"629",4519,1812371,379404,629,1011,576086,1236285,175708,203696,2152,2367
"630",1682,1442875,804687,630,1012,472503,970372,445604,359083,962,720
"631",2050,522271,342898,631,1013,156163,366108,142540,200358,1080,970
"632",1473,486305,368088,632,1014,84074,402231,175650,192438,682,791
"633",1606,973674,371361,633,1015,198099,775575,178287,193074,662,944
"634",820,611942,425056,634,1016,103025,508917,278644,146412,463,357
"635",2529,417037,185184,635,1017,103574,313463,77423,107761,946,1583
"636",1405,474730,254973,636,1018,156172,318558,134425,120548,751,654
"637",4899,997001,146459,637,1019,312335,684666,57058,89401,2137,2762
"638",4129,1917605,216421,638,1020,628675,1288930,87607,128814,1957,2172
"639",1843,0,283833,639,1021,0,0,78761,205072,731,1112
"640",2193,1812371,396080,640,1022,576086,1236285,181409,214671,968,1225
"641",1800,0,168438,641,1023,0,0,83024,85414,1120,680
"642",2631,522271,357729,642,1024,156163,366108,151084,206645,1136,1495
"643",725,0,195819,643,1025,0,0,104434,91385,381,344
"644",633,487369,130056,644,1026,114025,373344,53051,77005,275,358
"645",1230,417037,123854,645,1027,103574,313463,56035,67819,529,701
"646",1477,1442875,320818,646,1028,472503,970372,167813,153005,722,755
"647",3870,1442875,799567,647,1029,472503,970372,441552,358015,1817,2053
"648",1968,522271,259113,648,1030,156163,366108,111933,147180,904,1064
"649",679,924097,116347,649,1031,193501,730596,43128,73219,307,372
"650",673,486305,227157,650,1032,84074,402231,68390,158767,184,489
"651",974,973674,168684,651,1033,198099,775575,42834,125850,412,562
"652",512,487369,100788,652,1034,114025,373344,34387,66401,206,306
"653",2164,487369,202818,653,1035,114025,373344,119088,83730,1326,838
"654",1161,973674,274402,654,1036,198099,775575,154152,120250,577,584
"655",360,0,290888,655,1037,0,0,76767,214121,137,223
"656",264,0,191240,656,1038,0,0,41070,150170,83,181
"657",234,611942,376112,657,1039,103025,508917,258362,117750,102,132
"659",931,487369,173822,659,1041,114025,373344,73319,100503,369,562
"660",868,0,204814,660,1042,0,0,45623,159191,229,639
"661",4866,903342,129580,661,1044,187648,715694,62197,67383,2057,2809
"662",2702,1812371,414952,662,1047,576086,1236285,190188,224764,1162,1540
"663",2350,891767,236136,663,1048,259746,632021,100335,135801,1085,1265
"664",1022,0,161656,664,1049,0,0,31597,130059,357,665
"665",6103,474730,275785,665,1050,156172,318558,149329,126456,2879,3224
"666",1721,486305,173085,666,1051,84074,402231,51663,121422,616,1105
"667",432,1099311,222896,667,1052,217050,882261,129463,93433,295,137
"668",396,611942,26774,668,1053,103025,508917,7282,19492,195,201
"669",203,611942,437097,669,1054,103025,508917,286047,151050,107,96
"670",521,0,302722,670,1056,0,0,72163,230559,176,345
"671",567,611942,397275,671,1057,103025,508917,272081,125194,304,263
"672",227,1099311,206018,672,1058,217050,882261,167210,38808,125,102
"673",1923,1337641,528900,673,1059,419914,917727,253439,275461,923,1000
"674",946,1844701,140188,674,1060,509841,1334860,44776,95412,390,556
"675",1275,1410402,155794,675,1061,277575,1132827,46594,109200,535,740
"676",488,1099311,10991,676,1062,217050,882261,3416,7575,147,341
"677",269,295627,39724,677,1101,61393,234234,32489,7235,109,160
"678",1631,1033757,227437,678,1102,250983,782774,93156,134281,832,799
"679",1873,652321,125630,679,1103,172014,480307,51087,74543,802,1071
"680",319,355559,12180,680,1105,74909,280650,5645,6535,145,174
"681",2493,1033757,228163,681,1106,250983,782774,88426,139737,1160,1333
"682",1148,2354110,251206,682,1108,1053171,1300939,133124,118082,492,656
"683",761,2354110,253020,683,1109,1053171,1300939,133810,119210,297,464
"684",838,1329983,157132,684,1110,373998,955985,62217,94915,366,472
"685",1523,1436467,110614,685,1111,510293,926174,52258,58356,663,860
"686",5783,1436467,123394,686,1112,510293,926174,70756,52638,2991,2792
"687",2068,1123390,75101,687,1113,399822,723568,18058,57043,743,1325
"688",394,741954,41781,688,1114,320853,421101,11247,30534,158,236
"689",1680,904562,784067,689,1115,248445,656117,362327,421740,746,934
"690",3069,2067547,302686,690,1117,756145,1311402,124144,178542,1380,1689
"691",4707,2004409,232827,691,1118,532411,1471998,111921,120906,2107,2600
"692",2956,904562,284584,692,1119,248445,656117,103830,180754,1162,1794
"693",2968,1099847,190063,693,1120,283966,815881,97365,92698,1422,1546
"694",2384,2004409,228643,694,1121,532411,1471998,111215,117428,984,1400
"695",4099,1449602,67419,695,1122,410468,1039134,26970,40449,1833,2266
"696",4243,967700,527198,696,1124,472179,495521,286780,240418,2174,2069
"697",2413,1778621,440070,697,1125,644044,1134577,246126,193944,1120,1293
"698",1798,2477552,525894,698,1126,505410,1972142,302949,222945,939,859
"699",1960,2477552,966239,699,1127,505410,1972142,503083,463156,1015,945
"700",1190,2477552,856603,700,1128,505410,1972142,470519,386084,628,562
"701",2270,2477552,856603,701,1129,505410,1972142,470519,386084,1119,1151
"702",880,2477552,848113,702,1130,505410,1972142,432654,415459,425,455
"703",2731,2477552,576426,703,1131,505410,1972142,208907,367519,1052,1679
"704",2292,904562,723071,704,1132,248445,656117,341258,381813,1096,1196
"705",2241,554807,439457,705,1135,121943,432864,180393,259064,952,1289
"706",659,554807,388098,706,1136,121943,432864,144525,243573,389,270
"707",355,0,455115,707,1137,0,0,138516,316599,183,172
"708",1739,0,427298,708,1139,0,0,131019,296279,542,1197
"709",1844,1118956,753769,709,1140,248608,870348,360443,393326,771,1073
"710",2556,1694440,857713,710,1141,299516,1394924,515182,342531,743,1813
"711",1212,1694440,829422,711,1145,299516,1394924,506103,323319,477,735
"712",1635,1694440,425734,712,1146,299516,1394924,121098,304636,477,1158
"713",1006,1666631,640042,713,1148,333545,1333086,331008,309034,396,610
"714",4454,1758860,101596,714,1149,584380,1174480,44871,56725,2217,2237
"715",3512,2354110,255742,715,1150,1053171,1300939,130437,125305,1612,1900
"716",1534,1055031,86835,716,1151,431324,623707,34892,51943,1069,465
"717",1989,2022731,164118,717,1152,903503,1119228,66008,98110,1125,864
"718",7505,967700,523098,718,1153,472179,495521,291844,231254,3961,3544
"719",3400,443026,126315,719,1155,136766,306260,50908,75407,1347,2053
"720",2198,0,510515,720,1157,0,0,184911,325604,766,1432
"721",7669,1449602,569084,721,1158,410468,1039134,304200,264884,3960,3709
"722",1723,1542873,185895,722,1159,420732,1122141,80353,105542,1014,709
"723",7075,443026,212119,723,1160,136766,306260,127892,84227,3540,3535
"724",239,0,102172,724,1161,0,0,37710,64462,139,100
"725",1674,2071937,48051,725,1162,694851,1377086,16531,31520,664,1010
"726",1505,1123390,170870,726,1163,399822,723568,63125,107745,588,917
"727",836,1436467,136991,727,1165,510293,926174,66097,70894,414,422
"728",3920,1410726,347283,728,1166,608945,801781,180009,167274,1835,2085
"729",3773,313077,211176,729,1167,110471,202606,60500,150676,1315,2458
"730",1905,1329983,52869,730,1168,373998,955985,13809,39060,710,1195
"731",2557,1707497,648125,731,1169,342058,1365439,377417,270708,1154,1403
"732",1163,1518951,854156,732,1170,299722,1219229,438223,415933,577,586
"733",2422,1518951,1081697,733,1171,299722,1219229,571747,509950,821,1601
"734",1495,1449602,177474,734,1172,410468,1039134,80399,97075,644,851
"735",3746,1449602,949609,735,1173,410468,1039134,446232,503377,1707,2039
"736",1170,1449602,979131,736,1174,410468,1039134,452886,526245,492,678
"737",855,2004409,403908,737,1175,532411,1471998,169278,234630,342,513
"738",1841,0,148932,738,1177,0,0,56050,92882,609,1232
"739",1085,947948,133627,739,1178,233407,714541,57867,75760,543,542
"740",1590,1280777,223272,740,1180,582650,698127,78028,145244,688,902
"741",205,0,70204,741,1181,0,0,31107,39097,144,61
"742",3113,1099847,545030,742,1182,283966,815881,197302,347728,1167,1946
"743",256,0,67728,743,1183,0,0,18637,49091,100,156
"744",2024,948547,96376,744,1184,295029,653518,32169,64207,830,1194
"745",1952,1542873,267543,745,1185,420732,1122141,134102,133441,964,988
"746",590,469348,73734,746,1186,147087,322261,28061,45673,232,358
"747",519,0,55882,747,1187,0,0,25663,30219,253,266
"748",639,741954,67421,748,1188,320853,421101,35325,32096,315,324
"749",678,2022731,130269,749,1190,903503,1119228,57628,72641,426,252
"750",2714,2022731,129254,750,1191,903503,1119228,57447,71807,1445,1269
"751",1619,313077,226992,751,1192,110471,202606,76736,150256,695,924
"752",2312,2022731,174342,752,1193,903503,1119228,99482,74860,1311,1001
"753",701,2152680,273624,753,1194,929798,1222882,149708,123916,434,267
"754",989,2465757,24431,754,1195,1040269,1425488,10355,14076,672,317
"755",703,1184980,105838,755,1196,457619,727361,76077,29761,438,265
"756",4588,2022731,515245,756,1197,903503,1119228,289967,225278,2488,2100
"757",864,1055031,125850,757,1198,431324,623707,64292,61558,613,251
"758",1150,2477552,439327,758,1199,505410,1972142,260505,178822,566,584
"759",241,592389,55528,759,1200,158498,433891,34425,21103,155,86
"760",3118,2502794,467586,760,1201,1139182,1363612,252832,214754,1496,1622
"761",3320,2502794,509429,761,1203,1139182,1363612,269898,239531,1556,1764
"762",1844,623133,182427,762,1204,136387,486746,67800,114627,803,1041
"763",2534,902422,424618,763,1205,352956,549466,288865,135753,1502,1032
"764",3572,2329543,543969,764,1206,809171,1520372,283111,260858,1938,1634
"765",1405,255604,183220,765,1207,49836,205768,60527,122693,450,955
"766",3459,522271,350147,766,1208,156163,366108,152125,198022,1489,1970
"767",6227,717898,93114,767,1209,257023,460875,52434,40680,3305,2922
"768",12997,717898,1706747,768,1210,257023,460875,1160567,546180,7108,5889
"769",5655,728779,579115,769,1211,240358,488421,345970,233145,2589,3066
"770",5895,1986038,379333,770,1212,714290,1271748,165972,213361,2843,3052
"771",1630,867415,144568,771,1213,290657,576758,58413,86155,673,957
"772",1659,1592026,243771,772,1214,492301,1099725,143240,100531,863,796
"773",2526,398563,154477,773,1215,144581,253982,85123,69354,1334,1192
"774",1135,1869133,510619,774,1217,975020,894113,326453,184166,547,588
"775",3342,867415,164608,775,1218,290657,576758,79296,85312,1538,1804
"776",3307,1427121,330132,776,1220,456215,970906,115511,214621,1121,2186
"777",3494,1427121,353621,777,1221,456215,970906,124315,229306,1302,2192
"778",9965,1427121,596620,778,1222,456215,970906,276100,320520,4741,5224
"779",3450,2329543,530131,779,1224,809171,1520372,262930,267201,1538,1912
"780",3018,717898,180222,780,1226,257023,460875,82328,97894,1396,1622
"781",1812,994748,167285,781,1227,227475,767273,67075,100210,940,872
"782",1572,623133,278460,782,1228,136387,486746,103521,174939,702,870
"783",1271,623133,165541,783,1229,136387,486746,65345,100196,395,876
"784",1175,1193463,382170,784,1230,347720,845743,159900,222270,579,596
"785",4793,717898,1745304,785,1231,257023,460875,1176481,568823,2433,2360
"786",2689,1427121,1345006,786,1232,456215,970906,888963,456043,1504,1185
"787",1534,1427121,971240,787,1233,456215,970906,601137,370103,801,733
"788",3129,1427121,644300,788,1235,456215,970906,281454,362846,1412,1717
"789",368,1869133,70789,789,1239,975020,894113,30030,40759,196,172
"790",754,1869133,70789,790,1240,975020,894113,30030,40759,376,378
"791",872,1869133,238527,791,1241,975020,894113,118676,119851,514,358
"792",217,1869133,214307,792,1242,975020,894113,95772,118535,143,74
"793",3057,2731877,280193,793,1243,1329585,1402292,160483,119710,1669,1388
"794",4199,1869133,612879,794,1244,975020,894113,378981,233898,2042,2157
"795",3103,1869133,676292,795,1245,975020,894113,397982,278310,1670,1433
"796",2566,2428920,479316,796,1246,1175983,1252937,318581,160735,1539,1027
"797",1821,1869133,671184,797,1247,975020,894113,406489,264695,971,850
"798",2724,398563,105532,798,1248,144581,253982,40169,65363,1339,1385
"799",2107,902422,131577,799,1249,352956,549466,42797,88780,829,1278
"800",600,2403413,82782,800,1250,956447,1446966,38573,44209,275,325
"801",6102,1123294,603947,801,1251,359725,763569,271235,332712,2982,3120
"802",997,1592026,257345,802,1253,492301,1099725,144232,113113,492,505
"803",1675,2108279,407942,803,1256,1019815,1088464,184439,223503,792,883
"804",2456,2502794,524039,804,1257,1139182,1363612,266232,257807,1246,1210
"805",677,2948746,363360,805,1258,1256979,1691767,132087,231273,317,360
"806",2892,867415,157115,806,1259,290657,576758,79539,77576,1488,1404
"807",2488,867415,192288,807,1260,290657,576758,68014,124274,1080,1408
"808",2977,1123294,688903,808,1262,359725,763569,301294,387609,1385,1592
"809",380,976594,152818,809,1263,420326,556268,39456,113362,103,277
"810",4038,1442875,786496,810,1264,472503,970372,437597,348899,2284,1754
"811",3347,2731877,447678,811,1265,1329585,1402292,212363,235315,1575,1772
"812",966,1869133,299610,812,1266,975020,894113,192235,107375,451,515
"813",1738,398563,105532,813,1267,144581,253982,40169,65363,853,885
"814",6101,717898,208639,814,1268,257023,460875,94747,113892,2911,3190
"815",2538,1427121,292654,815,1269,456215,970906,98104,194550,1273,1265
"816",2168,840467,407783,816,1271,237164,603303,168391,239392,1018,1150
"817",1522,522271,295940,817,1274,156163,366108,135272,160668,680,842
"818",846,371615,172913,818,1275,91088,280527,55502,117411,414,432
"819",1715,840467,216724,819,1277,237164,603303,75595,141129,707,1008
"820",3850,717898,518281,820,1278,257023,460875,329762,188519,1995,1855
"821",707,255604,187585,821,1279,49836,205768,71120,116465,287,420
"822",865,255604,118739,822,1280,49836,205768,39816,78923,423,442
"823",2617,739144,329675,823,1282,177639,561505,128989,200686,1032,1585
"824",514,1239030,147383,824,1283,381745,857285,60265,87118,269,245
"825",1191,0,207794,825,1285,0,0,50471,157323,313,878
"826",2199,0,188685,826,1286,0,0,42818,145867,692,1507
"827",789,0,287737,827,1287,0,0,73375,214362,289,500
"828",2775,892539,221011,828,1288,554694,337845,66410,154601,1263,1512
"829",940,522271,65006,829,1289,156163,366108,14559,50447,448,492
"830",1388,0,239679,830,1290,0,0,52303,187376,312,1076
"831",1901,474730,155948,831,1291,156172,318558,71828,84120,945,956
"832",3847,728779,296104,832,1293,240358,488421,102228,193876,1644,2203
"833",6549,717898,1706747,833,1295,257023,460875,1160567,546180,3509,3040
"834",1528,728779,466632,834,1296,240358,488421,226991,239641,781,747
"835",2939,728779,407241,835,1297,240358,488421,194742,212499,1470,1469
"836",884,474730,59711,836,1299,156172,318558,26777,32934,490,394
"837",848,0,128458,837,1300,0,0,49904,78554,312,536
"838",1086,2098814,1016614,838,1302,1114600,984214,483695,532919,533,553
"839",1955,428129,1413292,839,1303,161578,266551,705136,708156,651,1304
"840",243,0,94661,840,1304,0,0,36694,57967,154,89
"841",1162,428129,1486769,841,1305,161578,266551,820140,666629,527,635
"842",2987,2098814,898617,842,1306,1114600,984214,454954,443663,1445,1542
"843",7758,1950269,441747,843,1308,1018907,931362,224272,217475,4205,3553
"845",391,0,622051,845,1314,0,0,238919,383132,147,244
"846",473,0,215987,846,1315,0,0,89149,126838,266,207
"847",451,0,212267,847,1316,0,0,88582,123685,265,186
"849",1795,1164769,1298725,849,1318,324962,839807,737536,561189,940,855
"850",3043,1164769,748982,850,1319,324962,839807,331296,417686,1242,1801
"851",2519,0,904496,851,1320,0,0,393354,511142,908,1611
"852",2728,0,426744,852,1321,0,0,219506,207238,1421,1307
"853",1234,0,649078,853,1322,0,0,282625,366453,443,791
"854",1192,0,237743,854,1323,0,0,147148,90595,515,677
"855",704,433323,165624,855,1325,135562,297761,88163,77461,383,321
"856",948,433323,165624,856,1326,135562,297761,88163,77461,460,488
"857",1341,433323,179196,857,1327,135562,297761,86219,92977,615,726
"858",3331,0,293403,858,1328,0,0,171016,122387,1566,1765
"859",2893,2610047,847532,859,1332,705239,1904808,548319,299213,1309,1584
"860",1992,1807176,400074,860,1333,440890,1366286,213380,186694,954,1038
"861",996,1807176,955616,861,1334,440890,1366286,641952,313664,499,497
"862",2872,428129,1828968,862,1336,161578,266551,932298,896670,1118,1754
"863",5346,428129,1623367,863,1337,161578,266551,851473,771894,2351,2995
"864",1568,576624,525456,864,1338,204437,372187,255043,270413,738,830
"865",1578,1672193,2251024,865,1339,487616,1184577,1357459,893565,646,932
"866",604,431257,249598,866,1340,119798,311459,108152,141446,267,337
"867",202,0,214722,867,1342,0,0,73122,141600,142,60
"868",1023,2098814,944848,868,1343,1114600,984214,462357,482491,504,519
"869",709,0,593418,869,1344,0,0,204811,388607,378,331
"870",1397,2836962,388711,870,1346,812578,2024384,101837,286874,367,1030
"871",637,1164769,883381,871,1347,324962,839807,410955,472426,294,343
"872",902,1164769,1537149,872,1348,324962,839807,822902,714247,573,329
"873",649,0,423979,873,1349,0,0,156345,267634,276,373
"874",2535,2098764,621664,874,1351,1061766,1036998,333356,288308,1178,1357
"875",390,576624,462778,875,1352,204437,372187,197176,265602,199,191
"876",387,1164769,1460356,876,1353,324962,839807,774715,685641,178,209
"877",2876,0,647412,877,1354,0,0,322286,325126,1530,1346
"878",3599,428129,861938,878,1355,161578,266551,441282,420656,1613,1986
"879",592,0,553120,879,1357,0,0,280097,273023,276,316
"880",837,0,707087,880,1358,0,0,291971,415116,333,504
"881",947,0,245712,881,1359,0,0,84617,161095,516,431
"882",526,0,738929,882,1360,0,0,273594,465335,203,323
"883",1309,0,154101,883,1361,0,0,50466,103635,503,806
"884",1845,576624,507707,884,1362,204437,372187,228402,279305,872,973
"885",2454,1486270,388061,885,1363,726766,759504,191656,196405,1178,1276
"886",766,2098814,1041438,886,1364,1114600,984214,498400,543038,303,463
"887",301,0,141469,887,1365,0,0,55762,85707,173,128
"888",488,0,181457,888,1366,0,0,109640,71817,217,271
"889",638,1164769,1362583,889,1367,324962,839807,745696,616887,296,342
"890",1591,428129,1442769,890,1368,161578,266551,754192,688577,682,909
"891",1540,2836962,1779286,891,1369,812578,2024384,1033818,745468,758,782
"892",319,0,103090,892,1370,0,0,38532,64558,174,145
"893",3016,612494,518097,893,1372,335000,277494,263087,255010,1589,1427
"894",1000,0,493060,894,1373,0,0,277655,215405,470,530
"895",1695,0,698612,895,1375,0,0,355850,342762,641,1054
"896",164,0,169342,896,1376,0,0,104629,64713,135,29
"897",311,0,259034,897,1377,0,0,153748,105286,226,85
"898",2439,2794549,436837,898,1401,713351,2081198,242970,193867,1051,1388
"899",1056,513446,415479,899,1402,148205,365241,187724,227755,453,603
"900",4148,957837,499929,900,1403,243838,713999,210375,289554,1924,2224
"901",1692,1861665,726190,901,1404,479304,1382361,314382,411808,635,1057
"902",2072,445548,771861,902,1405,128108,317440,389558,382303,990,1082
"903",266,103051,60815,903,1406,33267,69784,36698,24117,84,182
"904",1498,1420696,356137,904,1407,408023,1012673,170263,185874,668,830
"905",2478,2068109,297004,905,1408,581654,1486455,140844,156160,895,1583
"906",219,1244090,598300,906,1410,323228,920862,309971,288329,115,104
"907",1026,1659800,1028357,907,1411,433781,1226019,591483,436874,476,550
"908",676,903828,927722,908,1412,235466,668362,535657,392065,332,344
"909",1485,0,379530,909,1413,0,0,255534,123996,609,876
"910",3300,2147918,710438,910,1414,558694,1589224,346200,364238,1453,1847
"911",1322,1659800,700776,911,1416,433781,1226019,338388,362388,663,659
"912",486,35153,130155,912,1418,13170,21983,26178,103977,159,327
"913",728,35153,436205,913,1420,13170,21983,246597,189608,326,402
"914",253,103051,145859,914,1421,33267,69784,57064,88795,126,127
"915",254,35153,79891,915,1422,13170,21983,24688,55203,116,138
"916",212,103051,60815,916,1424,33267,69784,36698,24117,104,108
"917",684,1823301,419199,917,1425,487172,1336129,154848,264351,340,344
"918",372,1761630,212405,918,1426,464312,1297318,88962,123443,228,144
"919",580,1761630,242997,919,1427,464312,1297318,101666,141331,397,183
"920",1122,1420696,210412,920,1428,408023,1012673,138438,71974,632,490
"921",1185,957837,620919,921,1429,243838,713999,319507,301412,555,630
"922",1017,445548,543880,922,1430,128108,317440,184315,359565,631,386
"923",2013,480701,669213,923,1431,141278,339423,218989,450224,912,1101
"924",3070,1575662,681598,924,1433,387512,1188150,339525,342073,1561,1509
"925",1551,1244090,434811,925,1434,323228,920862,212850,221961,618,933
"926",268,103051,315244,926,1435,33267,69784,99611,215633,137,131
"927",673,103051,345998,927,1436,33267,69784,117670,228328,260,413
"928",925,1823301,304787,928,1437,487172,1336129,113565,191222,324,601
"929",2358,35153,388936,929,1438,13170,21983,242084,146852,1314,1044
"930",1315,1823301,271190,930,1440,487172,1336129,106556,164634,534,781
"931",1059,35153,146021,931,1441,13170,21983,25243,120778,386,673
"932",1875,957837,815196,932,1442,243838,713999,411059,404137,736,1139
"933",476,445548,662625,933,1443,128108,317440,295047,367578,197,279
"934",1675,842157,247526,934,1444,212606,629551,96280,151246,519,1156
"935",396,1244090,221116,935,1445,323228,920862,73737,147379,132,264
"936",1923,1214252,376561,936,1446,305673,908579,135091,241470,783,1140
"937",2759,1823301,755722,937,1447,487172,1336129,410654,345068,1255,1504
"938",3175,1349376,747508,938,1448,363574,985802,401307,346201,1546,1629
"939",3053,2307213,721563,939,1449,607412,1699801,379579,341984,1826,1227
"940",1154,802871,305742,940,1450,264349,538522,161412,144330,535,619
"941",3437,795325,595975,941,1451,247772,547553,232695,363280,1518,1919
"942",2857,0,236646,942,1452,0,0,88056,148590,1109,1748
"943",341,67898,102347,943,1453,20097,47801,48654,53693,110,231
"944",1594,1265238,184946,944,1454,317305,947933,69670,115276,521,1073
"945",2189,2307213,743561,945,1455,607412,1699801,385228,358333,1285,904
"946",1158,445548,226961,946,1456,128108,317440,81602,145359,518,640
"947",950,903828,665743,947,1457,235466,668362,324707,341036,384,566
"948",2166,445548,819775,948,1458,128108,317440,404855,414920,920,1246
"949",449,445548,819775,949,1459,128108,317440,404855,414920,154,295
"950",1941,0,505970,950,1501,0,0,278714,227256,933,1008
"951",4458,0,2343151,951,1503,0,0,1327188,1015963,2421,2037
"952",701,0,389066,952,1504,0,0,172740,216326,314,387
"953",1294,0,308036,953,1506,0,0,107065,200971,671,623
"954",1033,0,462918,954,1509,0,0,165825,297093,429,604
"955",341,0,463188,955,1510,0,0,171681,291507,132,209
"956",387,0,535498,956,1511,0,0,197534,337964,105,282
"957",1561,1723695,689088,957,1512,358576,1365119,285762,403326,700,861
"958",482,0,2362589,958,1513,0,0,1333810,1028779,270,212
"959",2465,0,2301107,959,1514,0,0,1313911,987196,1328,1137
"960",842,1672193,714866,960,1515,487616,1184577,271606,443260,327,515
"961",542,0,333167,961,1516,0,0,118347,214820,262,280
"962",669,0,432839,962,1518,0,0,161484,271355,314,355
"963",862,0,499005,963,1519,0,0,195022,303983,394,468
"964",1277,0,2217827,964,1520,0,0,1276716,941111,590,687
"965",456,0,262243,965,1522,0,0,125461,136782,259,197
"966",514,0,775155,966,1525,0,0,408342,366813,281,233
"967",830,0,2312323,967,1526,0,0,1273081,1039242,395,435
"968",1026,0,908680,968,1527,0,0,493634,415046,582,444
"969",613,1672193,579175,969,1528,487616,1184577,170348,408827,229,384
"970",1784,0,597228,970,1529,0,0,352535,244693,898,886
"971",1600,0,554527,971,1530,0,0,233486,321041,771,829
"972",3561,1672193,2069830,972,1531,487616,1184577,1237730,832100,1836,1725
"973",964,0,490520,973,1532,0,0,178279,312241,376,588
"974",2335,0,518974,974,1533,0,0,181586,337388,741,1594
"975",1089,0,211380,975,1534,0,0,70051,141329,505,584
"976",3305,0,2040236,976,1535,0,0,1194952,845284,1661,1644
"977",1471,0,425658,977,1536,0,0,157453,268205,570,901
"978",593,0,104629,978,1537,0,0,60840,43789,245,348
"979",679,0,201443,979,1538,0,0,87845,113598,288,391
"980",1868,0,328552,980,1539,0,0,137731,190821,955,913
"981",1109,0,459823,981,1540,0,0,170295,289528,603,506
"982",443,0,346577,982,1541,0,0,149221,197356,259,184
"983",440,0,527539,983,1542,0,0,246800,280739,199,241
"984",774,0,355424,984,1543,0,0,147932,207492,382,392
"985",285,0,344833,985,1545,0,0,138248,206585,180,105
"986",863,1672193,2226755,986,1546,487616,1184577,1299018,927737,462,401
"987",418,1672193,139790,987,1547,487616,1184577,35106,104684,171,247
"988",728,0,118710,988,1548,0,0,33817,84893,425,303
"989",4443,3041304,896095,989,1601,825037,2216267,564367,331728,2193,2250
"990",1571,1805110,227978,990,1602,425126,1379984,137003,90975,813,758
"991",1997,0,414304,991,1603,0,0,149415,264889,864,1133
"992",2326,1736366,262699,992,1605,450227,1286139,98118,164581,1051,1275
"993",1466,2794549,393239,993,1606,713351,2081198,205927,187312,728,738
"994",5402,802871,379270,994,1608,264349,538522,156346,222924,2477,2925
"995",3338,802871,377376,995,1610,264349,538522,188547,188829,1620,1718
"996",3496,0,316334,996,1611,0,0,144359,171975,1747,1749
"997",4047,1305109,649238,997,1616,330429,974680,378352,270886,2102,1945
"998",2128,2083667,530540,998,1617,486439,1597228,289184,241356,972,1156
"999",2024,0,576617,999,1619,0,0,219241,357376,885,1139
"1000",2512,778558,285342,1000,1620,156010,622548,85330,200012,967,1545
"1001",2947,2083667,754553,1001,1623,486439,1597228,453938,300615,1498,1449
"1002",5321,1052173,526339,1002,1625,227113,825060,329966,196373,2756,2565
"1003",690,1064294,294689,1003,1627,248363,815931,168378,126311,320,370
"1004",980,1422807,348695,1004,1628,284466,1138341,179892,168803,397,583
"1005",1460,1064294,297865,1005,1630,248363,815931,171141,126724,683,777
"1006",1502,1680333,98458,1006,1634,391978,1288355,36279,62179,615,887
"1007",227,628160,45330,1007,1635,164865,463295,20486,24844,124,103
"1008",3907,3338218,541354,1008,1636,956896,2381322,313680,227674,1799,2108
"1009",4768,2559660,1008371,1009,1637,800886,1758774,616541,391830,2634,2134
"1010",1070,1064294,219171,1010,1639,248363,815931,137292,81879,542,528
"1011",2135,1234128,193475,1011,1640,384147,849981,65206,128269,983,1152
"1012",841,2607981,157338,1012,1641,689475,1918506,52612,104726,329,512
"1013",943,0,169275,1013,1642,0,0,58482,110793,449,494
"1014",2473,2794549,420905,1014,1643,713351,2081198,225338,195567,1185,1288
"1015",633,166155,20481,1015,1646,31296,134859,11453,9028,261,372
"1016",3012,2083667,512646,1016,1650,486439,1597228,278630,234016,1453,1559
"1017",1196,1422807,248406,1017,1651,284466,1138341,93846,154560,472,724
"1018",426,1064294,227624,1018,1652,248363,815931,137605,90019,256,170
"1019",5170,2559660,839131,1019,1653,800886,1758774,506329,332802,2799,2371
"1020",676,1680333,290119,1020,1654,391978,1288355,171423,118696,303,373
"1021",2991,1019676,186263,1021,1655,242756,776920,69898,116365,1321,1670
"1022",3083,3611833,678480,1022,1656,1027999,2583834,405130,273350,1451,1632
"1023",627,4159281,595409,1023,1657,1190238,2969043,345127,250282,311,316
"1024",1214,778558,457006,1024,1659,156010,622548,170369,286637,533,681
"1025",675,1019676,184150,1025,1660,242756,776920,66118,118032,316,359
"1026",1469,3338218,512382,1026,1661,956896,2381322,269125,243257,707,762
"1027",1784,2559660,952920,1027,1662,800886,1758774,617746,335174,1047,737
"1028",3659,2238433,340294,1028,1663,560688,1677745,166317,173977,1903,1756
"1029",506,778558,305443,1029,1664,156010,622548,93323,212120,221,285
"1030",1474,0,488645,1030,1665,0,0,170794,317851,622,852
"1031",1940,3611833,395870,1031,1666,1027999,2583834,190768,205102,864,1076
"1032",1863,1052173,329832,1032,1667,227113,825060,114135,215697,795,1068
"1033",3324,778558,434179,1033,1668,156010,622548,231422,202757,1648,1676
"1034",2387,1798234,408578,1034,1669,398766,1399468,234570,174008,1167,1220
"1035",1421,1798234,322297,1035,1670,398766,1399468,107933,214364,678,743
"1036",1402,716690,431055,1036,1671,207471,509219,176523,254532,639,763
"1037",1367,837019,83059,1037,1672,198689,638330,18479,64580,500,867
"1038",4723,2559660,1018722,1038,1673,800886,1758774,638806,379916,2651,2072
"1039",2269,4159281,628487,1039,1674,1190238,2969043,354900,273587,1066,1203
"1040",447,716690,404874,1040,1675,207471,509219,167337,237537,163,284
"1041",817,0,135719,1041,1677,0,0,56285,79434,389,428
"1042",598,3338218,415425,1042,1678,956896,2381322,218899,196526,328,270
"1043",405,0,8372,1043,1679,0,0,7078,1294,184,221
"1044",132,0,15741,1044,1680,0,0,9200,6541,70,62
"1045",1363,0,183081,1045,1681,0,0,54580,128501,631,732
"1046",1126,1052173,318975,1046,1682,227113,825060,171875,147100,509,617
"1047",1595,0,499810,1047,1683,0,0,195984,303826,545,1050
"1048",2974,2794549,421403,1048,1684,713351,2081198,221481,199922,1665,1309
"1049",1103,0,397878,1049,1685,0,0,177430,220448,410,693
"1050",2195,3208400,303619,1050,1686,907624,2300776,164309,139310,1099,1096
"1051",2382,648740,272705,1051,1688,106738,542002,138891,133814,1124,1258
"1052",1610,648740,272465,1052,1689,106738,542002,137705,134760,786,824
"1053",1200,3208400,838686,1053,1690,907624,2300776,532100,306586,646,554
"1054",1681,4260573,336373,1054,1691,1134737,3125836,96902,239471,892,789
"1055",1356,1700913,328209,1055,1692,333851,1367062,94439,233770,700,656
"1056",267,0,230438,1056,1693,0,0,84864,145574,147,120
"1057",1157,1825709,168919,1057,1702,436299,1389410,72619,96300,498,659
"1058",767,837019,267817,1058,1703,198689,638330,183294,84523,339,428
"1059",1698,494769,544187,1059,1705,132059,362710,222025,322162,826,872
"1060",1773,494769,527868,1060,1706,132059,362710,226469,301399,896,877
"1061",1708,3323316,568315,1061,1707,747928,2575388,175693,392622,772,936
"1062",2031,1599621,715363,1062,1708,389352,1210269,240537,474826,779,1252
"1063",2317,1723695,1189523,1063,1709,358576,1365119,780086,409437,1293,1024
"1065",1063,1723695,303582,1065,1713,358576,1365119,111550,192032,549,514
"1066",267,3549404,180131,1066,1714,794875,2754529,64501,115630,191,76
"1067",1286,0,290437,1067,1715,0,0,132280,158157,655,631
"1068",2231,4159281,718449,1068,1716,1190238,2969043,499234,219215,1121,1110
"1069",460,4159281,535832,1069,1717,1190238,2969043,343300,192532,252,208
"1070",786,784996,384737,1070,1719,202694,582302,148100,236637,400,386
"1071",2611,1143509,300506,1071,1720,238797,904712,126738,173768,1224,1387
"1072",3418,1825709,745101,1072,1721,436299,1389410,511079,234022,1859,1559
"1073",1366,1599621,571791,1073,1722,389352,1210269,337384,234407,615,751
"1074",1505,0,333100,1074,1723,0,0,97899,235201,546,959
"1075",639,3549404,128599,1075,1725,794875,2754529,49938,78661,179,460
"1076",2083,0,730464,1076,1726,0,0,234539,495925,828,1255
"1077",394,290227,135074,1077,1727,70635,219592,63610,71464,209,185
"1078",446,1064294,244389,1078,1728,248363,815931,99546,144843,261,185
"1079",1339,1127246,191090,1079,1729,269324,857922,76651,114439,586,753
"1080",321,1127246,329000,1080,1730,269324,857922,229117,99883,124,197
"1081",242,1127246,317005,1081,1731,269324,857922,226670,90335,142,100
"1082",788,494769,434709,1082,1732,132059,362710,186639,248070,375,413
"1083",1604,494769,523931,1083,1733,132059,362710,217130,306801,702,902
"1084",1375,0,723207,1084,1734,0,0,206084,517123,520,855
"1085",865,1064294,272584,1085,1735,248363,815931,103623,168961,363,502
"1086",850,3323316,424743,1086,1736,747928,2575388,158401,266342,450,400
"1087",1629,0,476853,1087,1737,0,0,171289,305564,627,1002
"1088",1897,1825709,160802,1088,1738,436299,1389410,70189,90613,731,1166
"1090",2732,1723695,1298334,1090,1741,358576,1365119,846836,451498,1279,1453
"1091",1363,0,288492,1091,1742,0,0,92227,196265,590,773
"1092",1961,895245,377276,1092,1804,412757,482488,243411,133865,1007,954
"1093",795,3950607,544191,1093,1805,2945966,1004641,357327,186864,485,310
"1094",656,3950607,174164,1094,1806,2945966,1004641,85170,88994,414,242
"1095",478,4017713,305801,1095,1808,2867206,1150507,195125,110676,431,47
"1096",211,895245,105349,1096,1809,412757,482488,55400,49949,158,53
"1097",1064,3950607,835737,1097,1812,2945966,1004641,532774,302963,694,370
"1098",1422,895245,932502,1098,1814,412757,482488,364125,568377,593,829
"1099",370,0,257553,1099,1816,0,0,94887,162666,158,212
"1100",1008,620915,628360,1100,1819,164618,456297,320975,307385,540,468
"1101",374,565816,247703,1101,1820,171346,394470,93783,153920,135,239
"1102",912,620915,982070,1102,1821,164618,456297,404264,577806,370,542
"1103",1347,620915,846471,1103,1822,164618,456297,357690,488781,536,811
"1104",572,620915,561950,1104,1823,164618,456297,296606,265344,231,341
"1105",2355,895245,100559,1105,1824,412757,482488,44977,55582,900,1455
"1106",793,620915,286689,1106,1825,164618,456297,177175,109514,300,493
"1107",993,620915,117527,1107,1826,164618,456297,29719,87808,265,728
"1108",3876,620915,341240,1108,1827,164618,456297,204803,136437,1848,2028
"1109",555,0,821110,1109,1828,0,0,308275,512835,260,295
"1110",1738,895245,1029963,1110,1829,412757,482488,500297,529666,728,1010
"1111",1644,895245,894929,1111,1830,412757,482488,461288,433641,645,999
"1112",690,0,1236538,1112,1831,0,0,580924,655614,290,400
"1113",1787,895245,415253,1113,1833,412757,482488,269076,146177,930,857
"1114",1953,3122468,693941,1114,1834,2454449,668019,473447,220494,1077,876
"1115",687,3122468,917495,1115,1835,2454449,668019,639166,278329,408,279
"1116",187,0,44329,1116,1836,0,0,9977,34352,101,86
"1117",1423,3122468,781734,1117,1839,2454449,668019,568708,213026,1050,373
"1118",764,4017713,506069,1118,1840,2867206,1150507,279005,227064,503,261
"1119",1403,3122468,836108,1119,1841,2454449,668019,422833,413275,569,834
"1120",349,0,444908,1120,1842,0,0,148741,296167,144,205
"1121",767,0,596759,1121,1843,0,0,224698,372061,299,468
"1122",908,1516160,135834,1122,1845,577375,938785,36713,99121,277,631
"1123",2029,1516160,603321,1123,1846,577375,938785,299512,303809,498,1531
"1124",411,1516160,185088,1124,1847,577375,938785,47801,137287,197,214
"1125",1179,3122468,632116,1125,1848,2454449,668019,414718,217398,1024,155
"1126",393,3950607,1005027,1126,1849,2945966,1004641,632238,372789,250,143
"1127",937,3950607,1016758,1127,1850,2945966,1004641,647689,369069,680,257
"1128",2398,3950607,584726,1128,1851,2945966,1004641,382180,202546,1451,947
"1129",288,0,448070,1129,1852,0,0,181835,266235,114,174
"1130",368,895245,1216782,1130,1853,412757,482488,561786,654996,124,244
"1131",578,3556208,635294,1131,1854,1624639,1931569,235675,399619,292,286
"1132",126,620915,532211,1132,1855,164618,456297,239438,292773,53,73
"1133",904,3556208,743813,1133,1856,1624639,1931569,313591,430222,312,592
"1134",479,1516160,179180,1134,1857,577375,938785,42747,136433,88,391
"1135",777,565816,334965,1135,1858,171346,394470,170853,164112,236,541
"1136",275,895245,373887,1136,1859,412757,482488,247110,126777,195,80
"1137",2013,982404,350363,1137,1901,465554,516850,171152,179211,810,1203
"1138",2767,3478695,69266,1138,1904,1337310,2141385,24875,44391,1124,1643
"1139",10015,3478695,1231475,1139,1906,1337310,2141385,797784,433691,5378,4637
"1140",1296,438988,228794,1140,1907,117700,321288,72622,156172,495,801
"1141",2118,438988,101649,1141,1908,117700,321288,38118,63531,986,1132
"1142",445,927169,674442,1142,1910,442084,485085,322528,351914,196,249
"1143",6854,3556208,1943392,1143,1911,1624639,1931569,1261306,682086,3820,3034
"1144",2014,828139,235395,1144,1912,491517,336622,111952,123443,1028,986
"1145",1140,828139,504800,1145,1913,491517,336622,290652,214148,563,577
"1146",2448,0,621168,1146,1914,0,0,340277,280891,1291,1157
"1147",612,828139,568481,1147,1916,491517,336622,312828,255653,310,302
"1148",1675,4350629,774310,1148,1920,1755924,2594705,475632,298678,954,721
"1149",848,3556208,603070,1149,1924,1624639,1931569,255653,347417,450,398
"1150",5117,1756537,328490,1150,1925,401788,1354749,141587,186903,2180,2937
"1151",2018,438988,325076,1151,1928,117700,321288,139513,185563,860,1158
"1152",1176,0,310951,1152,1929,0,0,90296,220655,543,633
"1153",751,1959407,602294,1153,1930,421813,1537594,279884,322410,277,474
"1154",2150,1317549,1456381,1154,1931,284088,1033461,844951,611430,993,1157
"1155",1633,641858,534979,1155,1933,137725,504133,169791,365188,434,1199
"1156",848,1317549,1445740,1156,1936,284088,1033461,840469,605271,269,579
"1157",970,1444279,265080,1157,1937,353987,1090292,72623,192457,316,654
"1158",1316,1143741,380327,1158,1941,239830,903911,187554,192773,526,790
"1159",629,0,420799,1159,1943,0,0,306225,114574,247,382
"1160",2254,927169,647664,1160,1946,442084,485085,338953,308711,1206,1048
"1161",562,501883,143133,1161,1951,102105,399778,34509,108624,274,288
"1162",1669,1946162,43830,1162,1952,456092,1490070,13070,30760,566,1103
"1163",931,501883,216652,1163,1953,102105,399778,130476,86176,452,479
"1164",3467,3556208,1905033,1164,1955,1624639,1931569,1255235,649798,1889,1578
"1165",1283,4405864,149688,1165,1956,1779394,2626470,60375,89313,531,752
"1166",1339,438988,198024,1166,1957,117700,321288,60885,137139,394,945
"1167",1538,0,608783,1167,1958,0,0,312816,295967,595,943
"1168",1305,927169,575488,1168,1959,442084,485085,284838,290650,612,693
"1169",2374,4350629,436861,1169,1960,1755924,2594705,239632,197229,970,1404
"1170",6567,3423460,1280623,1170,1961,1313840,2109620,818204,462419,3790,2777
"1171",889,7506815,484776,1171,1962,4570605,2936210,279622,205154,513,376
"1172",1188,1756537,485841,1172,1964,401788,1354749,211831,274010,546,642
"1173",1099,1317549,1306912,1173,1965,284088,1033461,779039,527873,442,657
"1174",1582,1756537,996432,1174,1966,401788,1354749,654799,341633,620,962
"1175",304,0,408984,1175,1967,0,0,150924,258060,144,160
"1176",467,641858,578222,1176,1968,137725,504133,201665,376557,173,294
"1177",189,0,79261,1177,1969,0,0,34901,44360,66,123
"1178",486,0,489862,1178,1971,0,0,325877,163985,143,343
"1179",352,501883,226210,1179,1973,102105,399778,134562,91648,104,248
"1180",1415,4350629,342587,1180,1974,1755924,2594705,164798,177789,736,679
"1181",1552,828139,527392,1181,1975,491517,336622,311267,216125,852,700
"1182",659,3950607,449346,1182,1976,2945966,1004641,214885,234461,374,285
"1183",1192,501883,212886,1183,1977,102105,399778,128030,84856,901,291
"1184",366,438988,191655,1184,1979,117700,321288,61515,130140,110,256
"1185",1177,501883,119797,1185,1981,102105,399778,30783,89014,254,923
"1186",1740,4350629,642720,1186,1983,1755924,2594705,318089,324631,817,923
"1187",1168,0,421771,1187,1984,0,0,189308,232463,520,648
"1188",4267,0,454488,1188,1985,0,0,232642,221846,1990,2277
"1189",3024,4384347,273051,1189,1986,2116156,2268191,167966,105085,2050,974
"1190",1763,1317549,499575,1190,1987,284088,1033461,285968,213607,546,1217
"1191",2496,387250,484056,1191,1988,59191,328059,165045,319011,800,1696
"1192",1722,641858,570363,1192,1991,137725,504133,237174,333189,609,1113
"1193",236,501883,281675,1193,1992,102105,399778,69110,212565,65,171
"1194",413,501883,302916,1194,1993,102105,399778,133527,169389,121,292
"1195",922,438988,442170,1195,1994,117700,321288,219392,222778,373,549
"1196",2576,438988,57357,1196,1996,117700,321288,25363,31994,1196,1380
"1197",1371,438988,446806,1197,1998,117700,321288,223511,223295,667,704
"1198",360,0,324816,1198,1999,0,0,92667,232149,127,233
"1199",1721,4505329,689066,1199,2000,1844033,2661296,420755,268311,882,839
"1200",7729,2224902,463311,1200,2002,803102,1421800,216541,246770,3589,4140
"1201",2691,2224902,1138037,1201,2003,803102,1421800,769368,368669,1335,1356
"1202",1704,3439700,589701,1202,2007,1297974,2141726,317479,272222,861,843
"1203",425,895467,798077,1203,2008,402776,492691,371365,426712,234,191
"1204",1402,1899999,716085,1204,2009,581318,1318681,318549,397536,646,756
"1205",921,5026176,473053,1205,2012,1992245,3033931,191589,281464,441,480
"1206",2634,3092575,745414,1206,2013,1061528,2031047,329361,416053,1317,1317
"1207",3062,1349141,948311,1207,2015,416475,932666,433687,514624,1289,1773
"1208",2774,1349141,1050873,1208,2016,416475,932666,483401,567472,1246,1528
"1209",763,1078817,813605,1209,2020,309955,768862,340781,472824,371,392
"1210",1936,1078817,785044,1210,2024,309955,768862,379926,405118,924,1012
"1211",6211,211144,624553,1211,2025,51529,159615,360879,263674,3008,3203
"1212",746,0,667722,1212,2026,0,0,376524,291198,355,391
"1213",1044,211144,548279,1213,2027,51529,159615,319683,228596,577,467
"1215",2419,5965580,1096500,1215,2032,1992347,3973233,630130,466370,1149,1270
"1216",1693,5965580,823002,1216,2033,1992347,3973233,462034,360968,729,964
"1217",1965,4187771,881782,1217,2034,1465022,2722749,459623,422159,819,1146
"1218",1219,1373310,427094,1218,2036,455301,918009,169927,257167,506,713
"1219",1726,164128,73617,1219,2037,71089,93039,41454,32163,742,984
"1220",351,0,96065,1220,2038,0,0,42396,53669,190,161
"1221",374,0,239863,1221,2040,0,0,79623,160240,160,214
"1222",371,568627,424980,1222,2041,143113,425514,141290,283690,157,214
"1223",1177,1777809,246791,1223,2048,527325,1250484,53671,193120,375,802
"1224",3900,2544233,1489130,1224,2050,895198,1649035,972565,516565,1831,2069
"1225",1557,3303719,1393889,1225,2054,1113057,2190662,834721,559168,752,805
"1226",2444,2480292,316661,1226,2056,710815,1769477,101614,215047,1015,1429
"1227",554,1078817,584677,1227,2057,309955,768862,207160,377517,271,283
"1228",2973,2224902,1539037,1228,2058,803102,1421800,997773,541264,1493,1480
"1229",2070,1899999,480444,1229,2059,581318,1318681,209337,271107,1059,1011
"1230",1982,1777809,376722,1230,2060,527325,1250484,144110,232612,735,1247
"1231",187,0,239863,1231,2061,0,0,79623,160240,76,111
"1232",386,568627,424980,1232,2062,143113,425514,141290,283690,146,240
"1233",2297,3559328,932306,1233,2063,2184507,1374821,450903,481403,1063,1234
"1234",314,0,476848,1234,2064,0,0,217751,259097,145,169
"1235",1719,895467,1044249,1235,2065,402776,492691,491012,553237,731,988
"1236",2339,5026176,477272,1236,2066,1992245,3033931,194382,282890,1130,1209
"1237",1582,1899999,534321,1237,2067,581318,1318681,230132,304189,762,820
"1238",151,568627,301139,1238,2068,143113,425514,90486,210653,68,83
"1239",1123,548342,759010,1239,2069,166330,382012,410619,348391,563,560
"1240",2782,2224902,1539037,1240,2070,803102,1421800,997773,541264,1336,1446
"1241",268,1777809,395122,1241,2071,527325,1250484,120203,274919,142,126
"1242",13987,4149542,2690015,1242,2102,950228,3199314,1711178,978837,6764,7223
"1243",2044,1469968,129021,1243,2103,367606,1102362,58473,70548,883,1161
"1244",2227,4187771,833306,1244,2104,1465022,2722749,447998,385308,898,1329
"1245",1487,1469968,850989,1245,2105,367606,1102362,326720,524269,402,1085
"1246",2794,0,801164,1246,2106,0,0,261908,539256,786,2008
"1247",4487,1241577,687402,1247,2107,303506,938071,192289,495113,1712,2775
"1248",1895,1241577,726989,1248,2108,303506,938071,409606,317383,860,1035
"1249",3178,5391119,481664,1249,2109,1253734,4137385,201583,280081,1303,1875
"1250",1475,3556208,2160052,1250,2110,1624639,1931569,1357079,802973,859,616
"1251",1927,0,2004242,1251,2111,0,0,1120541,883701,994,933
"1252",1436,1241577,1807549,1252,2112,303506,938071,1034181,773368,705,731
"1253",2707,5026176,1866500,1253,2113,1992245,3033931,1205331,661169,1459,1248
"1254",1855,3556208,1337071,1254,2115,1624639,1931569,763118,573953,849,1006
"1255",1034,1241577,1816052,1255,2116,303506,938071,1035353,780699,562,472
"1256",1215,0,1333956,1256,2119,0,0,767117,566839,577,638
"1257",1695,1621607,857244,1257,2122,447291,1174316,426229,431015,804,891
"1258",637,0,288438,1258,2127,0,0,92816,195622,217,420
"1259",587,0,1927272,1259,2128,0,0,1093238,834034,316,271
"1260",627,0,63856,1260,2129,0,0,29081,34775,352,275
"1261",484,1621607,51149,1261,2130,447291,1174316,14958,36191,307,177
"1262",2157,4149542,2789421,1262,2135,950228,3199314,1770158,1019263,1166,991
"1263",3420,4149542,2793425,1263,2136,950228,3199314,1771292,1022133,1654,1766
"1264",991,5391119,568956,1264,2137,1253734,4137385,294271,274685,446,545
"1265",3240,0,1241772,1265,2139,0,0,406400,835372,1380,1860
"1266",3027,5391119,634851,1266,2140,1253734,4137385,241403,393448,1151,1876
"1267",515,0,1077733,1267,2141,0,0,356178,721555,189,326
"1268",823,0,705619,1268,2143,0,0,231201,474418,339,484
"1269",940,0,770938,1269,2144,0,0,291547,479391,369,571
"1270",1178,1241577,1052728,1270,2145,303506,938071,523019,529709,427,751
"1271",1425,1621607,777397,1271,2148,447291,1174316,385816,391581,774,651
"1273",1231,5026176,682639,1273,2156,1992245,3033931,295454,387185,481,750
"1275",905,1621607,528922,1275,2159,447291,1174316,235910,293012,317,588
"1276",596,1241577,1369993,1276,2160,303506,938071,762355,607638,347,249
"1277",1213,5391119,2696691,1277,2164,1253734,4137385,1699162,997529,493,720
"1278",554,1621607,720596,1278,2165,447291,1174316,374221,346375,269,285
"1279",888,1621607,720596,1279,2167,447291,1174316,374221,346375,487,401
"1280",1952,1241577,650067,1280,2169,303506,938071,364162,285905,976,976
"1281",1151,1469968,613066,1281,2170,367606,1102362,245332,367734,431,720
"1282",2236,1241577,2018665,1282,2171,303506,938071,1132602,886063,1200,1036
"1283",800,0,407986,1283,2172,0,0,175725,232261,486,314
"1284",5624,4149542,1084399,1284,2173,950228,3199314,589686,494713,2499,3125
"1285",1208,4149542,1602639,1285,2174,950228,3199314,999009,603630,540,668
"1286",648,4149542,2523282,1286,2175,950228,3199314,1473819,1049463,259,389
"1287",2891,1469968,509086,1287,2176,367606,1102362,344564,164522,1402,1489
"1288",6763,1469968,525872,1288,2177,367606,1102362,349844,176028,3616,3147
"1289",850,0,215505,1289,2178,0,0,151745,63760,589,261
"1290",1487,1241577,752411,1290,2179,303506,938071,449412,302999,712,775
"1291",1469,4149542,2352797,1291,2180,950228,3199314,1442085,910712,599,870
"1292",7975,0,1187226,1292,2183,0,0,389210,798016,3329,4646
"1293",369,1241577,635040,1293,2184,303506,938071,184811,450229,159,210
"1294",265,0,702409,1294,2185,0,0,254542,447867,125,140
"1295",308,0,13206,1295,2201,0,0,4416,8790,154,154
"1296",2958,0,35112,1296,2202,0,0,12676,22436,2184,774
"1297",319,0,42873,1297,2203,0,0,17248,25625,241,78
"1298",1190,0,118003,1298,2205,0,0,34485,83518,363,827
"1299",2400,0,116830,1299,2206,0,0,34273,82557,602,1798
"1300",182,0,58520,1300,2207,0,0,21866,36654,96,86
"1301",635,6905813,335930,1301,2210,3967677,2938136,156067,179863,367,268
"1302",1487,5498647,212116,1302,2211,3099206,2399441,105683,106433,761,726
"1303",788,8126592,109902,1303,2212,4396846,3729746,48598,61304,389,399
"1304",1869,5202262,697354,1304,2213,2935997,2266265,404185,293169,1042,827
"1305",2856,5366390,315333,1305,2214,3007086,2359304,146622,168711,1341,1515
"1306",1638,5366390,428455,1306,2215,3007086,2359304,209478,218977,718,920
"1307",5409,5635415,176172,1307,2217,3141114,2494301,82507,93665,2243,3166
"1308",14917,5792341,1253662,1308,2219,3207458,2584883,757373,496289,7297,7620
"1309",4942,321054,442208,1309,2220,137433,183621,192968,249240,2168,2774
"1310",2083,1570736,369734,1310,2221,824506,746230,188492,181242,963,1120
"1311",3868,5396953,994811,1311,2222,1849234,3547719,509868,484943,1630,2238
"1312",631,4187771,335297,1312,2223,1465022,2722749,163237,172060,296,335
"1313",464,909658,71700,1313,2225,462205,447453,30714,40986,370,94
"1314",229,909658,80626,1314,2226,462205,447453,36853,43773,176,53
"1315",1988,2779918,357067,1315,2227,1208718,1571200,164072,192995,857,1131
"1316",2566,1870260,844848,1316,2228,746513,1123747,427712,417136,961,1605
"1317",815,1870260,1045701,1317,2229,746513,1123747,605021,440680,448,367
"1318",3989,1870260,1074738,1318,2230,746513,1123747,621408,453330,1840,2149
"1319",3607,7673281,1729433,1319,2231,4167293,3505988,887934,841499,1889,1718
"1320",1217,5637422,238138,1320,2233,3154745,2482677,102567,135571,538,679
"1321",943,909658,419081,1321,2235,462205,447453,228129,190952,484,459
"1322",1360,0,577014,1322,2237,0,0,321314,255700,789,571
"1323",1127,1013582,292472,1323,2239,700507,313075,157548,134924,573,554
"1324",612,518685,760474,1324,2241,308550,210135,397583,362891,375,237
"1325",1771,0,1439822,1325,2242,0,0,792996,646826,971,800
"1326",1414,0,1403240,1326,2243,0,0,755103,648137,893,521
"1327",2508,0,441442,1327,2244,0,0,198281,243161,1384,1124
"1328",1145,0,108814,1328,2245,0,0,42395,66419,589,556
"1329",836,0,217163,1329,2246,0,0,95792,121371,420,416
"1330",2893,0,198823,1330,2247,0,0,70275,128548,1053,1840
"1331",942,0,160571,1331,2248,0,0,47524,113047,283,659
"1332",552,0,114869,1332,2249,0,0,28085,86784,156,396
"1333",1322,0,116183,1333,2250,0,0,30652,85531,507,815
"1334",1377,0,236715,1334,2251,0,0,132995,103720,652,725
"1335",1812,0,68400,1335,2252,0,0,46301,22099,981,831
"1336",3753,0,342918,1336,2255,0,0,178363,164555,2047,1706
"1337",597,0,266200,1337,2256,0,0,144930,121270,346,251
"1338",234,0,168859,1338,2257,0,0,127052,41807,170,64
"1339",717,0,272629,1339,2258,0,0,116584,156045,323,394
"1340",2032,3778446,185032,1340,2259,2388922,1389524,70177,114855,1047,985
"1341",6598,2666577,160641,1341,2262,1618103,1048474,52890,107751,2821,3777
"1342",1463,0,153364,1342,2263,0,0,60262,93102,652,811
"1343",3763,1870260,999190,1343,2264,746513,1123747,581327,417863,1594,2169
"1344",2171,1373310,467760,1344,2265,455301,918009,180353,287407,990,1181
"1345",1594,1013582,234849,1345,2266,700507,313075,113175,121674,833,761
"1346",1597,8943679,1738000,1346,2268,4993856,3949823,811923,926077,825,772
"1347",581,3936975,449687,1347,2269,2444666,1492309,202231,247456,332,249
"1348",597,0,40131,1348,2270,0,0,16777,23354,209,388
"1349",1404,1570736,251783,1349,2271,824506,746230,115636,136147,600,804
"1350",518,1013582,379429,1350,2272,700507,313075,214794,164635,288,230
"1351",1242,0,441442,1351,2273,0,0,198281,243161,629,613
"1352",2763,0,337666,1352,2274,0,0,176596,161070,1334,1429
"1353",66,0,70787,1353,2275,0,0,45310,25477,33,33
"1354",1544,0,287307,1354,2276,0,0,142094,145213,779,765
"1355",1441,3778446,468715,1355,2277,2388922,1389524,207176,261539,696,745
"1356",2381,1013582,278331,1356,2279,700507,313075,155273,123058,1201,1180
"1357",1147,1013582,556617,1357,2280,700507,313075,315181,241436,574,573
"1358",844,4187771,744117,1358,2281,1465022,2722749,401662,342455,399,445
"1359",391,909658,156689,1359,2282,462205,447453,59259,97430,277,114
"1360",366,2779918,257446,1360,2283,1208718,1571200,112920,144526,268,98
"1361",243,55008,33703,1361,2284,25638,29370,15836,17867,178,65
"1362",822,0,65423,1362,2285,0,0,15623,49800,206,616
"1363",21,0,75290,1363,2286,0,0,16844,58446,13,8
"1364",36,0,63510,1364,2287,0,0,25320,38190,21,15
"1365",123,0,67578,1365,2288,0,0,22361,45217,105,18
"1366",193,55008,33703,1366,2289,25638,29370,15836,17867,151,42
"1367",1448,5202262,198989,1367,2290,2935997,2266265,112233,86756,706,742
"1368",591,5637422,500645,1368,2292,3154745,2482677,263158,237487,317,274
"1369",1568,518685,1357173,1369,2293,308550,210135,748558,608615,928,640
"1370",1867,0,549975,1370,2294,0,0,250141,299834,660,1207
"1371",995,1013582,515977,1371,2297,700507,313075,301483,214494,561,434
"1372",811,8943679,1654420,1372,2298,4993856,3949823,775329,879091,379,432
"1373",1143,0,459142,1373,2299,0,0,244507,214635,613,530
"1374",5701,3942247,368006,1374,2301,2649343,1292904,207433,160573,2722,2979
"1375",3006,9395837,1404325,1375,2302,5292392,4103445,610381,793944,1433,1573
"1376",1982,7145021,1168229,1376,2303,4433077,2711944,519811,648418,1014,968
"1377",256,3871669,232297,1377,2304,2870780,1000889,121454,110843,176,80
"1378",672,5455909,532528,1378,2305,3968710,1487199,351544,180984,392,280
"1379",2648,1865749,740724,1379,2306,1302701,563048,414079,326645,1504,1144
"1380",3142,2924662,629416,1380,2307,2026367,898295,371137,258279,1559,1583
"1381",1722,2924662,760492,1381,2308,2026367,898295,414326,346166,888,834
"1382",424,2763394,347129,1382,2309,2010951,752443,145062,202067,243,181
"1383",1019,2417973,640626,1383,2310,1690146,727827,419992,220634,620,399
"1384",373,3319750,463020,1384,2311,2423448,896302,192349,270671,260,113
"1385",685,2271975,469328,1385,2312,1671563,600412,155997,313331,388,297
"1386",1512,1072426,390338,1386,2313,827067,245359,248705,141633,783,729
"1387",1661,1940067,267635,1387,2314,1454159,485908,83286,184349,800,861
"1388",2392,2271975,778447,1388,2315,1671563,600412,494032,284415,1228,1164
"1389",1995,2101971,1039840,1389,2316,1197452,904519,697696,342144,1198,797
"1390",1290,1770063,36841,1390,2317,980048,790015,25278,11563,638,652
"1391",1167,2271975,447425,1391,2318,1671563,600412,232732,214693,673,494
"1392",784,4306363,505312,1392,2319,3137444,1168919,317059,188253,466,318
"1393",1758,2112707,336530,1393,2320,1044342,1068365,189410,147120,828,930
"1394",1471,1433679,189103,1394,2321,589778,843901,83317,105786,667,804
"1395",1202,1770063,1091126,1395,2322,980048,790015,707338,383788,696,506
"1396",489,693667,288320,1396,2323,323345,370322,149346,138974,268,221
"1397",1821,693667,323689,1397,2324,323345,370322,171608,152081,856,965
"1398",1508,1898296,568206,1398,2325,960778,937518,327194,241012,694,814
"1399",639,4434489,407160,1399,2326,2949694,1484795,230845,176315,348,291
"1400",1824,5637422,920661,1400,2327,3154745,2482677,516567,404094,993,831
"1401",904,6887532,250775,1401,2328,5040934,1846598,143730,107045,497,407
"1402",341,6887532,314489,1402,2329,5040934,1846598,175571,138918,197,144
"1403",1443,2958981,384826,1403,2330,2128099,830882,208847,175979,711,732
"1404",1055,6270688,257403,1404,2331,4488426,1782262,122967,134436,584,471
"1405",1858,4718656,530731,1405,2332,3298778,1419878,265349,265382,950,908
"1406",1868,0,1447097,1406,2333,0,0,797068,650029,1170,698
"1407",421,1812884,313536,1407,2334,988511,824373,150704,162832,262,159
"1408",1993,1089306,240135,1408,2335,612582,476724,108826,131309,1044,949
"1409",743,1812884,331227,1409,2336,988511,824373,149776,181451,323,420
"1410",509,1433679,154393,1410,2337,589778,843901,59122,95271,248,261
"1411",1010,1151967,100713,1411,2339,637480,514487,43719,56994,355,655
"1412",2508,0,491896,1412,2340,0,0,229816,262080,1167,1341
"1413",420,368894,230284,1413,2341,131926,236968,98018,132266,212,208
"1414",2660,677832,214319,1414,2342,250295,427537,90551,123768,1237,1423
"1415",156,0,127768,1415,2343,0,0,53736,74032,78,78
"1416",829,0,190718,1416,2344,0,0,63332,127386,305,524
"1417",357,2531247,650460,1417,2347,1942343,588904,358744,291716,255,102
"1418",2330,4306363,522945,1418,2348,3137444,1168919,363359,159586,1695,635
"1419",756,5999268,486805,1419,2349,4411033,1588235,237452,249353,409,347
"1420",594,1812884,361910,1420,2350,988511,824373,162248,199662,282,312
"1421",314,368894,202452,1421,2351,131926,236968,85449,117003,143,171
"1422",252,2531247,372894,1422,2352,1942343,588904,188803,184091,182,70
"1423",960,3419511,413205,1423,2353,2572244,847267,168118,245087,541,419
"1424",548,2271975,469328,1424,2354,1671563,600412,155997,313331,273,275
"1425",2788,1199549,1054274,1425,2355,844496,355053,705231,349043,1477,1311
"1426",697,3651658,368186,1426,2356,2640852,1010806,152126,216060,403,294
"1427",597,5999268,326267,1427,2357,4411033,1588235,179578,146689,401,196
"1428",394,581346,116182,1428,2358,333448,247898,42353,73829,175,219
"1429",1454,0,512043,1429,2359,0,0,222842,289201,499,955
"1430",1454,2958981,406755,1430,2360,2128099,830882,219716,187039,783,671
"1431",1709,1865749,740724,1431,2361,1302701,563048,414079,326645,935,774
"1432",1572,4360554,790017,1432,2362,3093324,1267230,403011,387006,831,741
"1433",704,5114434,413700,1433,2363,3625206,1489228,244495,169205,431,273
"1434",676,4396996,455984,1434,2364,3245044,1151952,290643,165341,397,279
"1435",1517,4283722,607782,1435,2365,2992847,1290875,410358,197424,900,617
"1436",762,518685,333847,1436,2368,308550,210135,167190,166657,351,411
"1437",1610,3438722,661133,1437,2369,2510352,928370,388718,272415,846,764
"1438",1785,5005110,575862,1438,2370,3253726,1751384,283762,292100,955,830
"1439",334,3871669,425313,1439,2371,2870780,1000889,199510,225803,222,112
"1440",1978,2333938,439420,1440,2372,1134270,1199668,242512,196908,987,991
"1441",1569,1610360,204879,1441,2373,758341,852019,93275,111604,589,980
"1442",1007,1540669,738098,1442,2375,601882,938787,511686,226412,522,485
"1443",530,1540669,738098,1443,2376,601882,938787,511686,226412,367,163
"1444",3164,1540669,739188,1444,2377,601882,938787,509729,229459,1768,1396
"1445",910,6758472,105272,1445,2380,4933800,1824672,51240,54032,533,377
"1446",899,6988764,243125,1446,2381,4736397,2252367,123915,119210,403,496
"1447",617,3830392,514757,1447,2382,2668877,1161515,242713,272044,314,303
"1448",309,0,116902,1448,2383,0,0,31995,84907,99,210
"1449",2712,0,299322,1449,2384,0,0,89238,210084,1100,1612
"1450",1269,4812712,381527,1450,2385,3391860,1420852,167756,213771,664,605
"1452",1517,0,155306,1452,2387,0,0,41032,114274,495,1022
"1453",453,4519299,362451,1453,2388,3267944,1251355,143591,218860,274,179
"1454",424,950169,184789,1454,2389,411781,538388,83226,101563,160,264
"1455",405,214411,127192,1455,2390,83564,130847,55151,72041,153,252
"1456",58,0,38141,1456,2391,0,0,7969,30172,18,40
"1457",144,0,78383,1457,2392,0,0,23810,54573,105,39
"1458",122,0,277645,1458,2393,0,0,115028,162617,54,68
"1459",6,62661,123041,1459,2394,24898,37763,44164,78877,2,4
"1460",109,62661,110610,1460,2395,24898,37763,37692,72918,54,55
"1461",986,1151967,174180,1461,2396,637480,514487,69579,104601,518,468
"1462",553,8059719,275618,1462,2398,6016797,2042922,137836,137782,338,215
"1463",340,825495,227689,1463,2401,292293,533202,114534,113155,221,119
"1464",153,829582,134988,1464,2403,308961,520621,48078,86910,79,74
"1465",875,1433679,152315,1465,2404,589778,843901,57020,95295,398,477
"1466",1017,3631035,316917,1466,2405,2638043,992992,121496,195421,653,364
"1467",543,4360554,894565,1467,2406,3093324,1267230,470169,424396,347,196
"1468",2716,10113577,1676166,1468,2407,5986842,4126735,863098,813068,1396,1320
"1469",926,0,56618,1469,2408,0,0,11697,44921,398,528
"1470",1457,5637422,1276377,1470,2409,3154745,2482677,697883,578494,826,631
"1471",868,10565735,599424,1471,2410,6285378,4280357,277574,321850,467,401
"1472",914,0,62045,1472,2411,0,0,17535,44510,355,559
"1473",1606,825495,210740,1473,2412,292293,533202,87053,123687,741,865
"1474",1772,0,36073,1474,2501,0,0,12994,23079,591,1181
"1475",730,1013582,289313,1475,2502,700507,313075,134601,154712,407,323
"1476",1460,9238461,1368113,1476,2503,5167665,4070796,573094,795019,697,763
"1477",1243,3483664,864030,1477,2504,2215113,1268551,441273,422757,637,606
"1478",2326,5637422,1332895,1478,2505,3154745,2482677,713352,619543,1336,990
"1479",500,5758507,229435,1479,2506,2289528,3468979,71231,158204,280,220
"1480",1800,518685,628412,1480,2508,308550,210135,278464,349948,888,912
"1481",774,321054,410255,1481,2509,137433,183621,191368,218887,402,372
"1482",178,0,182437,1482,2510,0,0,101325,81112,96,82
"1483",1237,5965580,963654,1483,2511,1992347,3973233,535818,427836,624,613
"1484",3982,728779,150469,1484,2601,240358,488421,56040,94429,1597,2385
"1485",1425,1869133,502500,1485,2603,975020,894113,309077,193423,581,844
"1486",2149,522271,65006,1486,2604,156163,366108,14559,50447,827,1322
"1487",1022,1536381,117632,1487,2605,621289,915092,64112,53520,535,487
"1488",1225,0,116158,1488,2606,0,0,31159,84999,510,715
"1489",1439,1536381,117632,1489,2607,621289,915092,64112,53520,673,766
"1490",2605,1446677,655304,1490,2608,497381,949296,390567,264737,1398,1207
"1491",100,474730,119283,1491,2609,156172,318558,53254,66029,72,28
"1492",2220,728779,499112,1492,2610,240358,488421,210071,289041,1043,1177
"1493",2280,522271,22860,1493,2611,156163,366108,6489,16371,659,1621
"1494",151,2403413,39548,1494,2612,956447,1446966,15870,23678,92,59
"1495",5170,1427121,0,1495,2613,456215,970906,0,0,2300,2870
"1496",1852,1945142,179842,1496,2614,616357,1328785,56070,123772,721,1131
"1497",2072,2108279,314808,1497,2615,1019815,1088464,179040,135768,1049,1023
"1498",571,739144,346561,1498,2616,177639,561505,158986,187575,251,320
"1499",1610,739144,420170,1499,2617,177639,561505,186429,233741,803,807
"1500",2373,1427121,386101,1500,2618,456215,970906,147049,239052,1016,1357
"1501",4945,728779,320534,1501,2619,240358,488421,106571,213963,2081,2864
"1502",5453,728779,330360,1502,2620,240358,488421,123735,206625,2281,3172
"1503",4631,0,131863,1503,2621,0,0,57801,74062,2169,2462
"1504",6376,398563,145944,1504,2622,144581,253982,84145,61799,3206,3170
"1505",7804,1436467,123687,1505,2701,510293,926174,72076,51611,4430,3374
"1506",1056,1289512,167893,1506,2702,437293,852219,64707,103186,488,568
"1507",476,4384347,263993,1507,2801,2116156,2268191,167139,96854,304,172
"1508",523,1727189,754546,1508,3100,773298,953891,351121,403425,274,249
"1509",1147,0,462725,1509,3101,0,0,179262,283463,563,584
"1510",2031,0,444803,1510,3102,0,0,211958,232845,805,1226
"1511",1164,1152544,1115724,1511,3103,277456,875088,646821,468903,530,634
"1512",1276,1727189,731862,1512,3104,773298,953891,342622,389240,580,696
"1513",416,669152,248338,1513,3105,129934,539218,94882,153456,277,139
"1514",2724,0,388799,1514,3106,0,0,125853,262946,1061,1663
"1515",683,0,408641,1515,3107,0,0,203654,204987,258,425
"1516",3148,0,582517,1516,3500,0,0,268048,314469,1580,1568
"1517",3113,0,514131,1517,3501,0,0,259853,254278,1369,1744
"1518",1371,842157,292644,1518,3502,212606,629551,130450,162194,567,804
"1519",269,0,44007,1519,3503,0,0,19292,24715,198,71
"1520",2887,3822576,134982,1520,3504,1440550,2382026,65781,69201,1355,1532
"1521",1867,4349140,488514,1521,3505,1632495,2716645,269084,219430,935,932
"1522",1919,5868360,265902,1522,3506,2684841,3183519,110909,154993,985,934
"1523",1143,3822576,152691,1523,3507,1440550,2382026,62911,89780,637,506
"1524",4300,3822576,392548,1524,3508,1440550,2382026,170813,221735,2073,2227
"1525",4414,0,297363,1525,3509,0,0,115534,181829,2074,2340
"1526",800,842157,202648,1526,3510,212606,629551,80223,122425,316,484
"1527",5561,880244,318458,1527,3511,360687,519557,90075,228383,2261,3300
"1528",2362,1116419,472820,1528,3513,349439,766980,232150,240670,1394,968
"1529",2724,2652186,601220,1529,3514,1178686,1473500,324518,276702,1231,1493
"1530",4556,1454213,145917,1530,3515,857294,596919,93377,52540,2271,2285
"1531",1213,0,84632,1531,3516,0,0,30723,53909,517,696
"1532",2512,517540,296772,1532,3517,141084,376456,124909,171863,953,1559
"1533",5703,0,608040,1533,3518,0,0,279812,328228,2894,2809
"1534",3983,1355425,379062,1534,3519,426013,929412,255331,123731,1869,2114
"1535",3216,0,410748,1535,3520,0,0,172712,238036,1332,1884
"1536",513,0,64326,1536,3521,0,0,24531,39795,191,322
"1537",2378,1746939,44807,1537,3522,672589,1074350,17194,27613,1114,1264
"1538",1024,3822576,336930,1538,3523,1440550,2382026,144643,192287,571,453
"1539",483,0,426956,1539,3524,0,0,181628,245328,288,195
"1540",1659,1034151,330559,1540,3525,293260,740891,131524,199035,705,954
"1541",102,3130337,586678,1541,3527,1207541,1922796,260636,326042,82,20
"1542",1810,0,35265,1542,3528,0,0,15569,19696,835,975
"1543",1504,0,395401,1543,3529,0,0,167859,227542,777,727
"1544",591,2715359,310800,1544,3530,978942,1736417,99032,211768,181,410
"1545",139,735600,516754,1545,3531,186822,548778,208702,308052,93,46
"1546",350,2715359,418548,1546,3532,978942,1736417,160553,257995,111,239
"1547",11906,4349140,868327,1547,3533,1632495,2716645,506298,362029,6057,5849
"1548",5752,4349140,772990,1548,3534,1632495,2716645,444357,328633,2916,2836
"1549",2609,517540,243186,1549,3535,141084,376456,92584,150602,897,1712
"1550",2715,0,487839,1550,3536,0,0,154514,333325,1128,1587
"1551",1022,0,303038,1551,3537,0,0,119850,183188,487,535
"1552",746,1937415,93858,1552,3538,1127215,810200,49711,44147,400,346
"1553",137,0,3286,1553,3539,0,0,1606,1680,54,83
"1554",5978,0,265307,1554,3541,0,0,89306,176001,3071,2907
"1555",2169,0,265307,1555,3542,0,0,89306,176001,819,1350
